<?xml version="1.0" encoding="utf-8"?>
<COLLADA xmlns="http://www.collada.org/2005/11/COLLADASchema" version="1.4.1">
  <asset>
    <contributor>
      <author>Mixamo</author>
      <authoring_tool>COLLADA Mixamo exporter</authoring_tool>
      <comments/>
    </contributor>
    <created>2026-04-27T09:01:14Z</created>
    <modified>2026-04-27T09:01:14Z</modified>
    <revision/>
    <title/>
    <unit meter="0.010000"/>
    <up_axis>Y_UP</up_axis>
  </asset>
  <library_animations>
    <animation id="mixamorig_Hips-anim" name="mixamorig_Hips">
      <source id="mixamorig_Hips-Matrix-animation-input">
        <float_array id="mixamorig_Hips-Matrix-animation-input-array" count="79">

0.000000 0.033333 0.066667 0.100000 0.133333 0.166667 0.200000 0.233333 0.266667 0.300000 0.333333 0.366667 0.400000 0.433333 0.466667 0.500000
0.533333 0.566667 0.600000 0.633333 0.666667 0.700000 0.733333 0.766667 0.800000 0.833333 0.866667 0.900000 0.933333 0.966667 1.000000 1.033333
1.066667 1.100000 1.133333 1.166667 1.200000 1.233333 1.266667 1.300000 1.333333 1.366667 1.400000 1.433333 1.466667 1.500000 1.533333 1.566667
1.600000 1.633333 1.666667 1.700000 1.733333 1.766667 1.800000 1.833333 1.866667 1.900000 1.933333 1.966667 2.000000 2.033333 2.066667 2.100000
2.133333 2.166667 2.200000 2.233333 2.266667 2.300000 2.333333 2.366667 2.400000 2.433333 2.466667 2.500000 2.533333 2.566667 2.600000</float_array>
        <technique_common>
          <accessor source="#mixamorig_Hips-Matrix-animation-input-array" count="79">
            <param name="TIME" type="float"/>
          </accessor>
        </technique_common>
      </source>
      <source id="mixamorig_Hips-Matrix-animation-output-transform">
        <float_array id="mixamorig_Hips-Matrix-animation-output-transform-array" count="1264">

0.585610 -0.121370 -0.801456 0.479403 -0.013415 0.987140 -0.159291 59.153450 0.810482 0.104034 0.576451 -0.391845 0.000000 0.000000 0.000000 1.000000
0.575386 -0.116383 -0.809559 0.828224 -0.017978 0.987785 -0.154783 59.009277 0.817684 0.103614 0.566265 -0.552470 0.000000 0.000000 0.000000 1.000000
0.567315 -0.111578 -0.815907 1.345155 -0.020199 0.988595 -0.149238 58.561470 0.823253 0.101146 0.558591 -0.886060 0.000000 0.000000 0.000000 1.000000
0.553470 -0.105080 -0.826214 2.256487 -0.019535 0.990098 -0.139010 57.668388 0.832640 0.093078 0.545937 -1.320152 0.000000 0.000000 0.000000 1.000000
0.558815 -0.094083 -0.823938 2.850981 0.001444 0.993653 -0.112483 56.583107 0.829291 0.061668 0.555404 -1.375867 0.000000 0.000000 0.000000 1.000000
0.615654 -0.046298 -0.786655 2.826500 0.043746 0.998741 -0.024543 55.819965 0.786801 -0.019303 0.616904 -0.929716 0.000000 0.000000 0.000000 1.000000
0.751454 0.055486 -0.657449 2.532793 0.056409 0.987406 0.147808 55.360550 0.657370 -0.148157 0.738860 -0.299934 0.000000 0.000000 0.000000 1.000000
0.862205 0.085946 -0.499215 1.997942 0.058664 0.961929 0.266928 55.038383 0.503151 -0.259433 0.824339 0.458773 0.000000 0.000000 0.000000 1.000000
0.917909 0.076835 -0.389281 1.506458 0.068509 0.935649 0.346218 55.039955 0.390833 -0.344465 0.853577 1.357443 0.000000 0.000000 0.000000 1.000000
0.956433 0.054846 -0.286754 1.097644 0.072021 0.907517 0.413795 55.345284 0.282930 -0.416419 0.864029 1.892468 0.000000 0.000000 0.000000 1.000000
0.990646 0.027044 -0.133747 0.560429 0.035999 0.893641 0.447336 55.720032 0.131620 -0.447966 0.884309 1.880616 0.000000 0.000000 0.000000 1.000000
0.999576 -0.013905 0.025596 -0.078780 0.000391 0.885043 0.465508 55.863861 -0.029126 -0.465301 0.884673 1.242879 0.000000 0.000000 0.000000 1.000000
0.981840 -0.082179 0.170987 -0.786181 -0.010313 0.876853 0.480647 55.684223 -0.189430 -0.473682 0.860082 -0.071533 0.000000 0.000000 0.000000 1.000000
0.944223 -0.116269 0.308098 -1.576437 -0.052814 0.870018 0.490183 55.455032 -0.325044 -0.479113 0.815351 -1.581495 0.000000 0.000000 0.000000 1.000000
0.893918 -0.135586 0.427232 -2.289709 -0.103472 0.864987 0.491011 55.036278 -0.436124 -0.483130 0.759198 -3.415507 0.000000 0.000000 0.000000 1.000000
0.838984 -0.144748 0.524551 -2.975540 -0.154233 0.861186 0.484326 54.198437 -0.521841 -0.487244 0.700196 -5.675139 0.000000 0.000000 0.000000 1.000000
0.780780 -0.151848 0.606074 -3.657752 -0.200934 0.857465 0.473688 52.906326 -0.591615 -0.491627 0.638979 -8.196167 0.000000 0.000000 0.000000 1.000000
0.712126 -0.149736 0.685897 -4.328502 -0.255754 0.854524 0.452083 51.238251 -0.653809 -0.497361 0.570233 -10.882658 0.000000 0.000000 0.000000 1.000000
0.655478 -0.141313 0.741875 -5.178026 -0.301712 0.851540 0.428777 48.398956 -0.692328 -0.504886 0.515530 -14.336703 0.000000 0.000000 0.000000 1.000000
0.626233 -0.126330 0.769333 -6.246527 -0.334282 0.847968 0.411346 45.265358 -0.704335 -0.514773 0.488796 -18.307436 0.000000 0.000000 0.000000 1.000000
0.617192 -0.108625 0.779279 -7.683822 -0.358829 0.842571 0.401642 41.855747 -0.700226 -0.527518 0.481050 -22.574352 0.000000 0.000000 0.000000 1.000000
0.610978 -0.089423 0.786581 -9.469324 -0.385100 0.834542 0.394002 38.180504 -0.691667 -0.543639 0.475450 -27.085075 0.000000 0.000000 0.000000 1.000000
0.606056 -0.068454 0.792471 -11.488235 -0.414642 0.823028 0.388198 34.236679 -0.678799 -0.563861 0.470417 -31.563412 0.000000 0.000000 0.000000 1.000000
0.608692 -0.040299 0.792383 -13.362704 -0.447745 0.807035 0.384993 30.107370 -0.654995 -0.589127 0.473191 -35.466518 0.000000 0.000000 0.000000 1.000000
0.630950 -0.028214 0.775310 -15.239424 -0.501028 0.748182 0.434966 25.617813 -0.592345 -0.662894 0.457929 -39.429218 0.000000 0.000000 0.000000 1.000000
0.655275 -0.031565 0.754731 -16.975006 -0.579804 0.619406 0.529305 20.673897 -0.484192 -0.784436 0.387580 -43.220814 0.000000 0.000000 0.000000 1.000000
0.682550 -0.035471 0.729977 -18.132572 -0.642091 0.447951 0.622141 15.238315 -0.349062 -0.893354 0.282973 -46.195053 0.000000 0.000000 0.000000 1.000000
0.709215 -0.042140 0.703731 -18.234240 -0.667881 0.279438 0.689818 12.878149 -0.225718 -0.959239 0.170037 -48.573025 0.000000 0.000000 0.000000 1.000000
0.736652 -0.057566 0.673817 -18.326363 -0.659518 0.159258 0.734625 11.991928 -0.149600 -0.985557 0.079352 -50.866966 0.000000 0.000000 0.000000 1.000000
0.764810 -0.082333 0.638973 -18.271240 -0.635675 0.064900 0.769224 11.560797 -0.104801 -0.994489 -0.002701 -52.951183 0.000000 0.000000 0.000000 1.000000
0.793039 -0.111746 0.598834 -18.139175 -0.603860 -0.014691 0.796955 11.555214 -0.080259 -0.993628 -0.079130 -54.535446 0.000000 0.000000 0.000000 1.000000
0.820830 -0.141605 0.553341 -17.952803 -0.566864 -0.083188 0.819601 11.913802 -0.070028 -0.986422 -0.148553 -56.330517 0.000000 0.000000 0.000000 1.000000
0.847009 -0.169894 0.503698 -17.741594 -0.526840 -0.142051 0.838010 12.402857 -0.070822 -0.975171 -0.209825 -58.220760 0.000000 0.000000 0.000000 1.000000
0.871196 -0.193502 0.451192 -17.512302 -0.484701 -0.193017 0.853118 13.020193 -0.077992 -0.961926 -0.261946 -60.048374 0.000000 0.000000 0.000000 1.000000
0.892860 -0.210342 0.398192 -17.208269 -0.441700 -0.236722 0.865369 13.531250 -0.087762 -0.948535 -0.304268 -61.622128 0.000000 0.000000 0.000000 1.000000
0.911067 -0.225519 0.345105 -16.910839 -0.398951 -0.271334 0.875909 14.045003 -0.103896 -0.935692 -0.337175 -63.037987 0.000000 0.000000 0.000000 1.000000
0.925518 -0.243786 0.289802 -16.691481 -0.355624 -0.296411 0.886382 14.559979 -0.130187 -0.923423 -0.361029 -64.260475 0.000000 0.000000 0.000000 1.000000
0.936543 -0.262668 0.232150 -16.589550 -0.310456 -0.313921 0.897257 15.090671 -0.162804 -0.912392 -0.375547 -65.200905 0.000000 0.000000 0.000000 1.000000
0.943979 -0.280775 0.173403 -16.554035 -0.263488 -0.324901 0.908303 15.485588 -0.198690 -0.903108 -0.380680 -66.023346 0.000000 0.000000 0.000000 1.000000
0.947239 -0.298698 0.116265 -16.662409 -0.216716 -0.329574 0.918921 15.616806 -0.236162 -0.895634 -0.376918 -66.630608 0.000000 0.000000 0.000000 1.000000
0.947080 -0.314831 0.062620 -16.856522 -0.170666 -0.328641 0.928907 15.489759 -0.271869 -0.890436 -0.364980 -67.027657 0.000000 0.000000 0.000000 1.000000
0.944423 -0.328404 0.014729 -17.048216 -0.126728 -0.322372 0.938092 15.146023 -0.303325 -0.887822 -0.346073 -67.215004 0.000000 0.000000 0.000000 1.000000
0.941331 -0.336941 -0.019127 -17.209139 -0.087769 -0.299143 0.950163 14.288970 -0.325871 -0.892740 -0.311166 -67.218376 0.000000 0.000000 0.000000 1.000000
0.939199 -0.341655 -0.034302 -17.226898 -0.058955 -0.258862 0.964114 13.258836 -0.338274 -0.903472 -0.263265 -67.113434 0.000000 0.000000 0.000000 1.000000
0.938789 -0.342716 -0.034945 -17.156982 -0.039144 -0.206905 0.977578 12.162716 -0.342262 -0.916371 -0.207655 -66.815010 0.000000 0.000000 0.000000 1.000000
0.941098 -0.336635 -0.031810 -17.035767 -0.018838 -0.146126 0.989087 11.081606 -0.337610 -0.930228 -0.143861 -66.400650 0.000000 0.000000 0.000000 1.000000
0.944589 -0.327173 -0.026622 -16.924002 -0.000323 -0.082027 0.996630 10.111546 -0.328254 -0.941398 -0.077588 -65.834267 0.000000 0.000000 0.000000 1.000000
0.948284 -0.316716 -0.021178 -16.875950 0.015382 -0.020792 0.999665 9.350363 -0.317050 -0.948293 -0.014845 -65.601730 0.000000 0.000000 0.000000 1.000000
0.952304 -0.304715 -0.016322 -16.973238 0.027123 0.031249 0.999144 9.200078 -0.303944 -0.951931 0.038023 -65.488907 0.000000 0.000000 0.000000 1.000000
0.956252 -0.292275 -0.012571 -17.262804 0.031840 0.061264 0.997614 9.180752 -0.290807 -0.954370 0.067889 -65.529533 0.000000 0.000000 0.000000 1.000000
0.959744 -0.280686 -0.010296 -17.553465 0.032937 0.076065 0.996559 9.177567 -0.278937 -0.956781 0.082248 -65.557205 0.000000 0.000000 0.000000 1.000000
0.962616 -0.270729 -0.008713 -17.745356 0.031215 0.078924 0.996392 9.174173 -0.269064 -0.959415 0.084425 -65.559059 0.000000 0.000000 0.000000 1.000000
0.964514 -0.263940 -0.006935 -18.039886 0.027478 0.074221 0.996863 9.193288 -0.262597 -0.961679 0.078840 -65.476883 0.000000 0.000000 0.000000 1.000000
0.965550 -0.260185 -0.004197 -18.294983 0.023165 0.069881 0.997286 9.250400 -0.259186 -0.963027 0.073500 -65.147926 0.000000 0.000000 0.000000 1.000000
0.965244 -0.261350 -0.000966 -18.488041 0.018892 0.066088 0.997635 9.295547 -0.260668 -0.962979 0.068728 -64.628029 0.000000 0.000000 0.000000 1.000000
0.961330 -0.275367 0.004188 -18.612970 0.013806 0.063374 0.997894 9.317459 -0.275052 -0.959248 0.064725 -64.026947 0.000000 0.000000 0.000000 1.000000
0.955234 -0.295431 0.015759 -18.644495 0.002563 0.061527 0.998102 9.352491 -0.295840 -0.953381 0.059530 -63.564758 0.000000 0.000000 0.000000 1.000000
0.948922 -0.313429 0.036179 -18.580185 -0.018359 0.059622 0.998052 9.378183 -0.314975 -0.947738 0.050822 -63.452137 0.000000 0.000000 0.000000 1.000000
0.945335 -0.321456 0.054851 -18.443520 -0.038137 0.058065 0.997584 9.378949 -0.323864 -0.945143 0.042632 -63.537445 0.000000 0.000000 0.000000 1.000000
0.944606 -0.321343 0.066772 -18.299223 -0.051105 0.056956 0.997068 9.363438 -0.324204 -0.945249 0.037378 -63.726406 0.000000 0.000000 0.000000 1.000000
0.944039 -0.320510 0.077863 -18.229929 -0.063139 0.056093 0.996427 9.337204 -0.323733 -0.945583 0.032718 -63.864555 0.000000 0.000000 0.000000 1.000000
0.943901 -0.319179 0.084711 -18.195383 -0.070585 0.055590 0.995956 9.303488 -0.322597 -0.946063 0.029942 -63.984566 0.000000 0.000000 0.000000 1.000000
0.943766 -0.317545 0.092035 -18.159088 -0.078357 0.055610 0.995373 9.268931 -0.321194 -0.946611 0.027601 -64.090164 0.000000 0.000000 0.000000 1.000000
0.943479 -0.315825 0.100506 -18.129322 -0.087181 0.056078 0.994613 9.237463 -0.319760 -0.947159 0.025374 -64.180420 0.000000 0.000000 0.000000 1.000000
0.943175 -0.314207 0.108141 -18.120619 -0.094994 0.056904 0.993850 9.200933 -0.318428 -0.947648 0.023822 -64.259171 0.000000 0.000000 0.000000 1.000000
0.943227 -0.312689 0.112016 -18.131567 -0.098584 0.058496 0.993408 9.163561 -0.317180 -0.948053 0.024349 -64.319153 0.000000 0.000000 0.000000 1.000000
0.943614 -0.311432 0.112257 -18.167614 -0.098078 0.060876 0.993315 9.132720 -0.316184 -0.948316 0.026899 -64.362587 0.000000 0.000000 0.000000 1.000000
0.944427 -0.310590 0.107664 -18.215689 -0.092384 0.063540 0.993694 9.112517 -0.315472 -0.948418 0.031316 -64.387520 0.000000 0.000000 0.000000 1.000000
0.944805 -0.310958 0.103197 -18.271904 -0.086811 0.066123 0.994028 9.105505 -0.315924 -0.948121 0.035479 -64.318489 0.000000 0.000000 0.000000 1.000000
0.944907 -0.311813 0.099616 -18.326139 -0.082263 0.068353 0.994264 9.107544 -0.316833 -0.947682 0.038936 -64.219482 0.000000 0.000000 0.000000 1.000000
0.944780 -0.313017 0.097011 -18.390387 -0.078932 0.069953 0.994423 9.115634 -0.318057 -0.947168 0.041383 -64.119843 0.000000 0.000000 0.000000 1.000000
0.944637 -0.314308 0.094184 -18.456612 -0.075657 0.070661 0.994627 9.128823 -0.319274 -0.946688 0.042970 -64.035049 0.000000 0.000000 0.000000 1.000000
0.944484 -0.315507 0.091678 -18.517895 -0.073123 0.070179 0.994851 9.144228 -0.320316 -0.946325 0.043212 -63.959793 0.000000 0.000000 0.000000 1.000000
0.944175 -0.316849 0.090228 -18.566862 -0.072049 0.068655 0.995035 9.156528 -0.321470 -0.945988 0.041993 -63.908154 0.000000 0.000000 0.000000 1.000000
0.943534 -0.318145 0.092345 -18.583954 -0.074968 0.066464 0.994968 9.164248 -0.322682 -0.945709 0.038860 -63.871590 0.000000 0.000000 0.000000 1.000000
0.942799 -0.319094 0.096485 -18.557434 -0.080127 0.064034 0.994726 9.174316 -0.323589 -0.945557 0.034803 -63.871635 0.000000 0.000000 0.000000 1.000000
0.941867 -0.319860 0.102837 -18.488892 -0.087583 0.061757 0.994241 9.185436 -0.324368 -0.945450 0.030152 -63.893864 0.000000 0.000000 0.000000 1.000000
0.940983 -0.320313 0.109321 -18.415674 -0.094999 0.060051 0.993664 9.194082 -0.324848 -0.945407 0.026078 -63.937668 0.000000 0.000000 0.000000 1.000000
0.940252 -0.320451 0.115054 -18.381296 -0.101296 0.059337 0.993085 9.197638 -0.325062 -0.945405 0.023332 -63.968708 0.000000 0.000000 0.000000 1.000000</float_array>
        <technique_common>
          <accessor source="#mixamorig_Hips-Matrix-animation-output-transform-array" count="79" stride="16">
            <param type="float4x4"/>
          </accessor>
        </technique_common>
      </source>
      <source id="mixamorig_Hips-Interpolations">
        <Name_array id="mixamorig_Hips-Interpolations-array" count="79">
 LINEAR LINEAR LINEAR LINEAR LINEAR LINEAR LINEAR LINEAR LINEAR LINEAR LINEAR
LINEAR LINEAR LINEAR LINEAR LINEAR LINEAR LINEAR LINEAR LINEAR LINEAR LINEAR LINEAR
LINEAR LINEAR LINEAR LINEAR LINEAR LINEAR LINEAR LINEAR LINEAR LINEAR LINEAR LINEAR
LINEAR LINEAR LINEAR LINEAR LINEAR LINEAR LINEAR LINEAR LINEAR LINEAR LINEAR LINEAR
LINEAR LINEAR LINEAR LINEAR LINEAR LINEAR LINEAR LINEAR LINEAR LINEAR LINEAR LINEAR
LINEAR LINEAR LINEAR LINEAR LINEAR LINEAR LINEAR LINEAR LINEAR LINEAR LINEAR LINEAR
LINEAR LINEAR LINEAR LINEAR LINEAR LINEAR LINEAR LINEAR</Name_array>
        <technique_common>
          <accessor source="#mixamorig_Hips-Interpolations-array" count="79">
            <param type="name"/>
          </accessor>
        </technique_common>
      </source>
      <sampler id="mixamorig_Hips-Matrix-animation-transform">
        <input semantic="INPUT" source="#mixamorig_Hips-Matrix-animation-input"/>
        <input semantic="OUTPUT" source="#mixamorig_Hips-Matrix-animation-output-transform"/>
        <input semantic="INTERPOLATION" source="#mixamorig_Hips-Interpolations"/>
      </sampler>
      <channel source="#mixamorig_Hips-Matrix-animation-transform" target="mixamorig_Hips/matrix"/>
    </animation>
    <animation id="mixamorig_Spine-anim" name="mixamorig_Spine">
      <source id="mixamorig_Spine-Matrix-animation-input">
        <float_array id="mixamorig_Spine-Matrix-animation-input-array" count="79">

0.000000 0.033333 0.066667 0.100000 0.133333 0.166667 0.200000 0.233333 0.266667 0.300000 0.333333 0.366667 0.400000 0.433333 0.466667 0.500000
0.533333 0.566667 0.600000 0.633333 0.666667 0.700000 0.733333 0.766667 0.800000 0.833333 0.866667 0.900000 0.933333 0.966667 1.000000 1.033333
1.066667 1.100000 1.133333 1.166667 1.200000 1.233333 1.266667 1.300000 1.333333 1.366667 1.400000 1.433333 1.466667 1.500000 1.533333 1.566667
1.600000 1.633333 1.666667 1.700000 1.733333 1.766667 1.800000 1.833333 1.866667 1.900000 1.933333 1.966667 2.000000 2.033333 2.066667 2.100000
2.133333 2.166667 2.200000 2.233333 2.266667 2.300000 2.333333 2.366667 2.400000 2.433333 2.466667 2.500000 2.533333 2.566667 2.600000</float_array>
        <technique_common>
          <accessor source="#mixamorig_Spine-Matrix-animation-input-array" count="79">
            <param name="TIME" type="float"/>
          </accessor>
        </technique_common>
      </source>
      <source id="mixamorig_Spine-Matrix-animation-output-transform">
        <float_array id="mixamorig_Spine-Matrix-animation-output-transform-array" count="1264">

0.996717 0.052323 0.061783 0.000000 -0.046800 0.995049 -0.087682 3.962400 -0.066065 0.084502 0.994231 -0.274300 0.000000 0.000000 0.000000 1.000000
0.997128 0.049478 0.057336 0.000000 -0.044477 0.995351 -0.085433 3.962400 -0.061296 0.082638 0.994693 -0.274300 0.000000 0.000000 0.000000 1.000000
0.998092 0.041572 0.045648 0.000000 -0.037856 0.996120 -0.079452 3.962400 -0.048774 0.077573 0.995793 -0.274300 0.000000 0.000000 0.000000 1.000000
0.999125 0.029687 0.029445 0.000000 -0.027536 0.997099 -0.070954 3.962400 -0.031466 0.070081 0.997045 -0.274300 0.000000 0.000000 0.000000 1.000000
0.999819 0.015411 0.011128 -0.000000 -0.014703 0.998021 -0.061130 3.962400 -0.012048 0.060956 0.998068 -0.274300 0.000000 0.000000 0.000000 1.000000
0.999975 0.000231 -0.007104 -0.000000 -0.000593 0.998699 -0.050992 3.962400 0.007083 0.050995 0.998674 -0.274300 0.000000 0.000000 0.000000 1.000000
0.999614 -0.015840 -0.022806 -0.000000 0.014888 0.999034 -0.041338 3.962400 0.023438 0.040982 0.998885 -0.274300 0.000000 0.000000 0.000000 1.000000
0.998933 -0.035641 -0.029364 0.000000 0.034838 0.999017 -0.027413 3.962400 0.030313 0.026361 0.999193 -0.274300 0.000000 0.000000 0.000000 1.000000
0.998453 -0.049010 -0.026270 0.000000 0.048859 0.998785 -0.006388 3.962400 0.026551 0.005094 0.999634 -0.274300 0.000000 0.000000 0.000000 1.000000
0.997993 -0.059795 -0.020837 -0.000000 0.060130 0.998065 0.015837 3.962400 0.019850 -0.017058 0.999657 -0.274300 0.000000 0.000000 0.000000 1.000000
0.997871 -0.063701 -0.014017 0.000000 0.064194 0.997210 0.038102 3.962400 0.011550 -0.038921 0.999176 -0.274300 0.000000 0.000000 0.000000 1.000000
0.998669 -0.051098 -0.006959 0.000000 0.051417 0.996991 0.058012 3.962400 0.003974 -0.058293 0.998292 -0.274300 0.000000 0.000000 0.000000 1.000000
0.999658 -0.026148 -0.000945 0.000000 0.026141 0.996515 0.079215 3.962400 -0.001129 -0.079213 0.996857 -0.274300 0.000000 0.000000 0.000000 1.000000
0.999982 -0.003520 0.004922 0.000000 0.003052 0.995753 0.092014 3.962400 -0.005225 -0.091997 0.995746 -0.274300 0.000000 0.000000 0.000000 1.000000
0.999834 0.015691 0.009283 -0.000000 -0.016520 0.995120 0.097283 3.962400 -0.007711 -0.097420 0.995213 -0.274300 0.000000 0.000000 0.000000 1.000000
0.999598 0.026592 0.009884 -0.000000 -0.027434 0.994802 0.098064 3.962400 -0.007224 -0.098296 0.995131 -0.274300 0.000000 0.000000 0.000000 1.000000
0.999527 0.029694 0.007948 0.000000 -0.030303 0.995248 0.092540 3.962400 -0.005162 -0.092737 0.995677 -0.274300 0.000000 0.000000 0.000000 1.000000
0.999624 0.026689 0.006366 0.000000 -0.027129 0.996110 0.083834 3.962400 -0.004103 -0.083975 0.996459 -0.274300 0.000000 0.000000 0.000000 1.000000
0.999822 0.018257 0.004664 -0.000000 -0.018566 0.996769 0.078143 3.962400 -0.003222 -0.078216 0.996931 -0.274300 0.000000 0.000000 0.000000 1.000000
0.999988 0.003167 0.003728 0.000000 -0.003417 0.997604 0.069096 3.962400 -0.003500 -0.069108 0.997603 -0.274300 0.000000 0.000000 0.000000 1.000000
0.999841 -0.017459 0.003720 0.000000 0.017225 0.998299 0.055705 3.962400 -0.004686 -0.055632 0.998440 -0.274300 0.000000 0.000000 0.000000 1.000000
0.999285 -0.037432 0.005405 0.000000 0.037190 0.998528 0.039483 3.962400 -0.006875 -0.039254 0.999206 -0.274300 0.000000 0.000000 0.000000 1.000000
0.998519 -0.053542 0.009677 0.000000 0.053277 0.998245 0.025860 3.962400 -0.011044 -0.025306 0.999619 -0.274300 0.000000 0.000000 0.000000 1.000000
0.997640 -0.067056 0.014743 -0.000000 0.066873 0.997682 0.012560 3.962400 -0.015551 -0.011544 0.999812 -0.274300 0.000000 0.000000 0.000000 1.000000
0.996461 -0.080608 0.023834 0.000000 0.080764 0.996717 -0.005662 3.962400 -0.023300 0.007567 0.999700 -0.274300 0.000000 0.000000 0.000000 1.000000
0.995894 -0.088738 0.017935 0.000000 0.089214 0.995626 -0.027759 3.962400 -0.015393 0.029245 0.999454 -0.274300 0.000000 0.000000 0.000000 1.000000
0.995284 -0.096556 0.009282 0.000000 0.096906 0.993983 -0.051057 3.962400 -0.004297 0.051716 0.998653 -0.274300 0.000000 0.000000 0.000000 1.000000
0.995330 -0.096532 0.000623 0.000000 0.096238 0.991752 -0.084654 3.962400 0.007554 0.084319 0.996410 -0.274300 0.000000 0.000000 0.000000 1.000000
0.995942 -0.089728 -0.006943 0.000000 0.089031 0.993595 -0.069592 3.962400 0.013142 0.068692 0.997551 -0.274300 0.000000 0.000000 0.000000 1.000000
0.996816 -0.078623 -0.013258 0.000000 0.078031 0.996131 -0.040416 3.962400 0.016385 0.039253 0.999095 -0.274300 0.000000 0.000000 0.000000 1.000000
0.997697 -0.065530 -0.017487 0.000000 0.065071 0.997552 -0.025605 3.962400 0.019122 0.024408 0.999519 -0.274300 0.000000 0.000000 0.000000 1.000000
0.998514 -0.053095 -0.012289 -0.000000 0.052754 0.998255 -0.026537 3.962400 0.013677 0.025849 0.999572 -0.274300 0.000000 0.000000 0.000000 1.000000
0.999145 -0.041350 -0.000181 -0.000000 0.041307 0.998287 -0.041446 3.962400 0.001895 0.041403 0.999141 -0.274300 0.000000 0.000000 0.000000 1.000000
0.999203 -0.037913 0.012452 0.000000 0.038554 0.997684 -0.056042 3.962400 -0.010299 0.056478 0.998351 -0.274300 0.000000 0.000000 0.000000 1.000000
0.998608 -0.049253 0.018873 0.000000 0.050371 0.996663 -0.064231 3.962400 -0.015646 0.065092 0.997757 -0.274300 0.000000 0.000000 0.000000 1.000000
0.998768 -0.049062 0.007390 0.000000 0.049470 0.996126 -0.072707 3.962400 -0.003794 0.072983 0.997326 -0.274300 0.000000 0.000000 0.000000 1.000000
0.999150 -0.039888 -0.010451 -0.000000 0.039043 0.996688 -0.071340 3.962400 0.013262 0.070871 0.997397 -0.274300 0.000000 0.000000 0.000000 1.000000
0.999422 -0.028424 -0.018644 0.000000 0.027064 0.997212 -0.069543 3.962400 0.020569 0.068998 0.997405 -0.274300 0.000000 0.000000 0.000000 1.000000
0.999601 -0.017443 -0.022236 0.000000 0.015867 0.997480 -0.069155 3.962400 0.023386 0.068775 0.997358 -0.274300 0.000000 0.000000 0.000000 1.000000
0.999658 -0.007211 -0.025126 0.000000 0.005583 0.997917 -0.064270 3.962400 0.025537 0.064108 0.997616 -0.274300 0.000000 0.000000 0.000000 1.000000
0.999688 -0.004026 -0.024664 0.000000 0.002596 0.998328 -0.057741 3.962400 0.024855 0.057659 0.998027 -0.274300 0.000000 0.000000 0.000000 1.000000
0.999734 -0.001978 -0.022982 0.000000 0.000812 0.998717 -0.050628 3.962400 0.023053 0.050596 0.998453 -0.274300 0.000000 0.000000 0.000000 1.000000
0.999783 -0.000561 -0.020840 -0.000000 -0.000319 0.999111 -0.042157 3.962400 0.020845 0.042155 0.998894 -0.274300 0.000000 0.000000 0.000000 1.000000
0.999828 0.000790 -0.018536 0.000000 -0.001451 0.999363 -0.035653 3.962400 0.018496 0.035674 0.999192 -0.274300 0.000000 0.000000 0.000000 1.000000
0.999861 0.001979 -0.016531 -0.000000 -0.002349 0.999747 -0.022384 3.962400 0.016483 0.022420 0.999613 -0.274300 0.000000 0.000000 0.000000 1.000000
0.999898 0.003838 -0.013725 -0.000000 -0.003923 0.999973 -0.006167 3.962400 0.013701 0.006220 0.999887 -0.274300 0.000000 0.000000 0.000000 1.000000
0.999964 0.005383 -0.006618 0.000000 -0.005312 0.999927 0.010830 3.962400 0.006676 -0.010794 0.999919 -0.274300 0.000000 0.000000 0.000000 1.000000
0.999991 0.003767 0.001767 -0.000000 -0.003812 0.999642 0.026483 3.962400 -0.001667 -0.026489 0.999648 -0.274300 0.000000 0.000000 0.000000 1.000000
0.999962 -0.001914 0.008472 0.000000 0.001580 0.999227 0.039271 3.962400 -0.008541 -0.039256 0.999193 -0.274300 0.000000 0.000000 0.000000 1.000000
0.999869 -0.010324 0.012445 0.000000 0.009688 0.998698 0.050089 3.962400 -0.012946 -0.049962 0.998667 -0.274300 0.000000 0.000000 0.000000 1.000000
0.999689 -0.020041 0.014852 0.000000 0.019163 0.998184 0.057109 3.962400 -0.015969 -0.056807 0.998257 -0.274300 0.000000 0.000000 0.000000 1.000000
0.999381 -0.031309 0.016041 -0.000000 0.030285 0.997706 0.060539 3.962400 -0.017900 -0.060016 0.998037 -0.274300 0.000000 0.000000 0.000000 1.000000
0.999059 -0.040374 0.015818 0.000000 0.039314 0.997277 0.062394 3.962400 -0.018294 -0.061713 0.997926 -0.274300 0.000000 0.000000 0.000000 1.000000
0.998942 -0.043638 0.014490 0.000000 0.042642 0.997097 0.063075 3.962400 -0.017200 -0.062390 0.997904 -0.274300 0.000000 0.000000 0.000000 1.000000
0.999129 -0.039321 0.013982 -0.000000 0.038367 0.997277 0.062973 3.962400 -0.016420 -0.062382 0.997917 -0.274300 0.000000 0.000000 0.000000 1.000000
0.999466 -0.029588 0.013858 0.000000 0.028675 0.997663 0.062019 3.962400 -0.015661 -0.061589 0.997979 -0.274300 0.000000 0.000000 0.000000 1.000000
0.999775 -0.017030 0.012650 0.000000 0.016237 0.998045 0.060348 3.962400 -0.013653 -0.060129 0.998097 -0.274300 0.000000 0.000000 0.000000 1.000000
0.999937 -0.007260 0.008614 0.000000 0.006746 0.998281 0.058214 3.962400 -0.009022 -0.058153 0.998267 -0.274300 0.000000 0.000000 0.000000 1.000000
0.999971 -0.006098 0.004498 -0.000000 0.005837 0.998421 0.055870 3.962400 -0.004832 -0.055842 0.998428 -0.274300 0.000000 0.000000 0.000000 1.000000
0.999975 -0.007079 0.000537 -0.000000 0.007040 0.998550 0.053375 3.962400 -0.000914 -0.053370 0.998574 -0.274300 0.000000 0.000000 0.000000 1.000000
0.999960 -0.008258 -0.003451 0.000000 0.008423 0.998670 0.050868 3.962400 0.003026 -0.050896 0.998699 -0.274300 0.000000 0.000000 0.000000 1.000000
0.999930 -0.009508 -0.006984 0.000000 0.009829 0.998824 0.047477 3.962400 0.006524 -0.047543 0.998848 -0.274300 0.000000 0.000000 0.000000 1.000000
0.999895 -0.010735 -0.009701 -0.000000 0.011147 0.998995 0.043422 3.962400 0.009225 -0.043525 0.999010 -0.274300 0.000000 0.000000 0.000000 1.000000
0.999877 -0.011766 -0.010354 -0.000000 0.012177 0.999104 0.040529 3.962400 0.009867 -0.040650 0.999125 -0.274300 0.000000 0.000000 0.000000 1.000000
0.999864 -0.012650 -0.010610 0.000000 0.013066 0.999110 0.040102 3.962400 0.010093 -0.040236 0.999139 -0.274300 0.000000 0.000000 0.000000 1.000000
0.999852 -0.013536 -0.010575 0.000000 0.013952 0.999090 0.040304 3.962400 0.010020 -0.040445 0.999132 -0.274300 0.000000 0.000000 0.000000 1.000000
0.999845 -0.014328 -0.010191 0.000000 0.014731 0.999064 0.040671 3.962400 0.009599 -0.040815 0.999121 -0.274300 0.000000 0.000000 0.000000 1.000000
0.999853 -0.014755 -0.008781 0.000000 0.015104 0.999038 0.041167 3.962400 0.008166 -0.041293 0.999114 -0.274300 0.000000 0.000000 0.000000 1.000000
0.999871 -0.014183 -0.007549 -0.000000 0.014486 0.999024 0.041730 3.962400 0.006950 -0.041834 0.999100 -0.274300 0.000000 0.000000 0.000000 1.000000
0.999888 -0.013484 -0.006444 0.000000 0.013745 0.999010 0.042304 3.962400 0.005867 -0.042388 0.999084 -0.274300 0.000000 0.000000 0.000000 1.000000
0.999908 -0.012579 -0.005113 0.000000 0.012786 0.999000 0.042845 3.962400 0.004568 -0.042907 0.999069 -0.274300 0.000000 0.000000 0.000000 1.000000
0.999918 -0.012116 -0.004257 0.000000 0.012289 0.998987 0.043292 3.962400 0.003728 -0.043341 0.999053 -0.274300 0.000000 0.000000 0.000000 1.000000
0.999925 -0.011708 -0.003706 0.000000 0.011859 0.998973 0.043725 3.962400 0.003191 -0.043765 0.999037 -0.274300 0.000000 0.000000 0.000000 1.000000
0.999928 -0.011544 -0.003298 0.000000 0.011677 0.998978 0.043671 3.962400 0.002790 -0.043706 0.999041 -0.274300 0.000000 0.000000 0.000000 1.000000
0.999935 -0.010799 -0.003738 0.000000 0.010951 0.999008 0.043159 3.962400 0.003268 -0.043197 0.999061 -0.274300 0.000000 0.000000 0.000000 1.000000
0.999937 -0.010209 -0.004711 0.000000 0.010401 0.999032 0.042736 3.962400 0.004270 -0.042782 0.999075 -0.274300 0.000000 0.000000 0.000000 1.000000
0.999933 -0.010006 -0.005866 0.000000 0.010245 0.999052 0.042305 3.962400 0.005437 -0.042362 0.999088 -0.274300 0.000000 0.000000 0.000000 1.000000
0.999925 -0.009902 -0.007189 0.000000 0.010195 0.999067 0.041966 3.962400 0.006767 -0.042036 0.999093 -0.274300 0.000000 0.000000 0.000000 1.000000
0.999911 -0.010476 -0.008203 -0.000000 0.010811 0.999065 0.041857 3.962400 0.007757 -0.041942 0.999090 -0.274300 0.000000 0.000000 0.000000 1.000000</float_array>
        <technique_common>
          <accessor source="#mixamorig_Spine-Matrix-animation-output-transform-array" count="79" stride="16">
            <param type="float4x4"/>
          </accessor>
        </technique_common>
      </source>
      <source id="mixamorig_Spine-Interpolations">
        <Name_array id="mixamorig_Spine-Interpolations-array" count="79">
 LINEAR LINEAR LINEAR LINEAR LINEAR LINEAR LINEAR LINEAR LINEAR LINEAR LINEAR
LINEAR LINEAR LINEAR LINEAR LINEAR LINEAR LINEAR LINEAR LINEAR LINEAR LINEAR LINEAR
LINEAR LINEAR LINEAR LINEAR LINEAR LINEAR LINEAR LINEAR LINEAR LINEAR LINEAR LINEAR
LINEAR LINEAR LINEAR LINEAR LINEAR LINEAR LINEAR LINEAR LINEAR LINEAR LINEAR LINEAR
LINEAR LINEAR LINEAR LINEAR LINEAR LINEAR LINEAR LINEAR LINEAR LINEAR LINEAR LINEAR
LINEAR LINEAR LINEAR LINEAR LINEAR LINEAR LINEAR LINEAR LINEAR LINEAR LINEAR LINEAR
LINEAR LINEAR LINEAR LINEAR LINEAR LINEAR LINEAR LINEAR</Name_array>
        <technique_common>
          <accessor source="#mixamorig_Spine-Interpolations-array" count="79">
            <param type="name"/>
          </accessor>
        </technique_common>
      </source>
      <sampler id="mixamorig_Spine-Matrix-animation-transform">
        <input semantic="INPUT" source="#mixamorig_Spine-Matrix-animation-input"/>
        <input semantic="OUTPUT" source="#mixamorig_Spine-Matrix-animation-output-transform"/>
        <input semantic="INTERPOLATION" source="#mixamorig_Spine-Interpolations"/>
      </sampler>
      <channel source="#mixamorig_Spine-Matrix-animation-transform" target="mixamorig_Spine/matrix"/>
    </animation>
    <animation id="mixamorig_Spine1-anim" name="mixamorig_Spine1">
      <source id="mixamorig_Spine1-Matrix-animation-input">
        <float_array id="mixamorig_Spine1-Matrix-animation-input-array" count="79">

0.000000 0.033333 0.066667 0.100000 0.133333 0.166667 0.200000 0.233333 0.266667 0.300000 0.333333 0.366667 0.400000 0.433333 0.466667 0.500000
0.533333 0.566667 0.600000 0.633333 0.666667 0.700000 0.733333 0.766667 0.800000 0.833333 0.866667 0.900000 0.933333 0.966667 1.000000 1.033333
1.066667 1.100000 1.133333 1.166667 1.200000 1.233333 1.266667 1.300000 1.333333 1.366667 1.400000 1.433333 1.466667 1.500000 1.533333 1.566667
1.600000 1.633333 1.666667 1.700000 1.733333 1.766667 1.800000 1.833333 1.866667 1.900000 1.933333 1.966667 2.000000 2.033333 2.066667 2.100000
2.133333 2.166667 2.200000 2.233333 2.266667 2.300000 2.333333 2.366667 2.400000 2.433333 2.466667 2.500000 2.533333 2.566667 2.600000</float_array>
        <technique_common>
          <accessor source="#mixamorig_Spine1-Matrix-animation-input-array" count="79">
            <param name="TIME" type="float"/>
          </accessor>
        </technique_common>
      </source>
      <source id="mixamorig_Spine1-Matrix-animation-output-transform">
        <float_array id="mixamorig_Spine1-Matrix-animation-output-transform-array" count="1264">

0.998870 -0.041547 0.023094 -0.000000 0.042036 0.998893 -0.021120 14.123300 -0.022191 0.022067 0.999510 0.264400 0.000000 0.000000 0.000000 1.000000
0.999065 -0.037967 0.020670 0.000000 0.038615 0.998745 -0.031904 14.123300 -0.019433 0.032673 0.999277 0.264400 0.000000 0.000000 0.000000 1.000000
0.999454 -0.029866 0.014101 0.000000 0.030645 0.997801 -0.058766 14.123300 -0.012314 0.059166 0.998172 0.264400 0.000000 0.000000 0.000000 1.000000
0.999765 -0.021201 0.004443 0.000000 0.021523 0.995391 -0.093449 14.123300 -0.002441 0.093522 0.995614 0.264400 0.000000 0.000000 0.000000 1.000000
0.999847 -0.015934 -0.007239 0.000000 0.014878 0.991684 -0.127832 14.123300 0.009215 0.127705 0.991769 0.264400 0.000000 0.000000 0.000000 1.000000
0.999640 -0.018025 -0.019876 -0.000000 0.014750 0.987943 -0.154116 14.123300 0.022414 0.153767 0.987853 0.264400 0.000000 0.000000 0.000000 1.000000
0.998981 -0.031431 -0.032393 -0.000000 0.025676 0.985980 -0.164874 14.123300 0.037121 0.163874 0.985783 0.264400 0.000000 0.000000 0.000000 1.000000
0.996665 -0.070847 -0.040489 0.000000 0.064659 0.988353 -0.137757 14.123300 0.049778 0.134680 0.989638 0.264400 0.000000 0.000000 0.000000 1.000000
0.994789 -0.096743 -0.032181 -0.000000 0.093257 0.990974 -0.096296 14.123300 0.041206 0.092793 0.994832 0.264400 0.000000 0.000000 0.000000 1.000000
0.992881 -0.117362 -0.020314 0.000000 0.116174 0.991859 -0.052144 14.123300 0.026269 0.049412 0.998433 0.264400 0.000000 0.000000 0.000000 1.000000
0.992150 -0.124876 -0.006693 0.000000 0.124829 0.992153 -0.007092 14.123300 0.007527 0.006201 0.999952 0.264400 0.000000 0.000000 0.000000 1.000000
0.994814 -0.101515 0.006324 -0.000000 0.101248 0.994295 0.033556 14.123300 -0.009694 -0.032741 0.999417 0.264400 0.000000 0.000000 0.000000 1.000000
0.998408 -0.053446 0.018005 -0.000000 0.051932 0.995751 0.076040 14.123300 -0.021992 -0.074984 0.996942 0.264400 0.000000 0.000000 0.000000 1.000000
0.999525 -0.010641 0.028923 -0.000000 0.007655 0.994812 0.101442 14.123300 -0.029852 -0.101172 0.994421 0.264400 0.000000 0.000000 0.000000 1.000000
0.998938 0.026371 0.037779 0.000000 -0.030444 0.993282 0.111643 14.123300 -0.034581 -0.112675 0.993030 0.264400 0.000000 0.000000 0.000000 1.000000
0.997919 0.049889 0.040841 0.000000 -0.054220 0.992125 0.112911 14.123300 -0.034887 -0.114891 0.992765 0.264400 0.000000 0.000000 0.000000 1.000000
0.997502 0.059364 0.038293 -0.000000 -0.062992 0.992812 0.101766 14.123300 -0.031976 -0.103924 0.994071 0.264400 0.000000 0.000000 0.000000 1.000000
0.997756 0.056768 0.035511 0.000000 -0.059592 0.994656 0.084311 14.123300 -0.030535 -0.086238 0.995807 0.264400 0.000000 0.000000 0.000000 1.000000
0.998448 0.045022 0.032783 0.000000 -0.047321 0.996201 0.073100 14.123300 -0.029367 -0.074538 0.996786 0.264400 0.000000 0.000000 0.000000 1.000000
0.999292 0.022392 0.030232 0.000000 -0.024037 0.998187 0.055184 14.123300 -0.028942 -0.055872 0.998018 0.264400 0.000000 0.000000 0.000000 1.000000
0.999590 -0.009622 0.026980 0.000000 0.008851 0.999553 0.028556 14.123300 -0.027242 -0.028305 0.999228 0.264400 0.000000 0.000000 0.000000 1.000000
0.998876 -0.040680 0.024313 0.000000 0.040785 0.999161 -0.003809 14.123300 -0.024137 0.004796 0.999697 0.264400 0.000000 0.000000 0.000000 1.000000
0.997536 -0.065662 0.024705 0.000000 0.066417 0.997308 -0.031076 14.123300 -0.022598 0.032640 0.999212 0.264400 0.000000 0.000000 0.000000 1.000000
0.995800 -0.087268 0.027703 0.000000 0.088746 0.994388 -0.057594 14.123300 -0.022522 0.059810 0.997956 0.264400 0.000000 0.000000 0.000000 1.000000
0.993389 -0.108800 0.036608 0.000000 0.111807 0.989296 -0.093767 14.123300 -0.026014 0.097240 0.994921 0.264400 0.000000 0.000000 0.000000 1.000000
0.991238 -0.129853 0.024208 -0.000000 0.131959 0.981663 -0.137568 14.123300 -0.005901 0.139557 0.990197 0.264400 0.000000 0.000000 0.000000 1.000000
0.989230 -0.146262 0.005643 0.000000 0.144528 0.969954 -0.195707 14.123300 0.023152 0.194415 0.980646 0.264400 0.000000 0.000000 0.000000 1.000000
0.988974 -0.147696 -0.010803 0.000000 0.140258 0.957585 -0.251713 14.123300 0.047522 0.247422 0.967742 0.264400 0.000000 0.000000 0.000000 1.000000
0.989536 -0.142018 -0.025476 -0.000000 0.132923 0.965968 -0.221895 14.123300 0.056122 0.216187 0.974738 0.264400 0.000000 0.000000 0.000000 1.000000
0.990520 -0.132365 -0.036742 -0.000000 0.124664 0.978498 -0.164319 14.123300 0.057702 0.158181 0.985723 0.264400 0.000000 0.000000 0.000000 1.000000
0.992126 -0.117545 -0.043230 0.000000 0.110813 0.984718 -0.134354 14.123300 0.058362 0.128505 0.989990 0.264400 0.000000 0.000000 0.000000 1.000000
0.994579 -0.099300 -0.030866 -0.000000 0.094231 0.986178 -0.136285 14.123300 0.043972 0.132638 0.990189 0.264400 0.000000 0.000000 0.000000 1.000000
0.996832 -0.079451 -0.003595 -0.000000 0.077772 0.983231 -0.164950 14.123300 0.016640 0.164148 0.986295 0.264400 0.000000 0.000000 0.000000 1.000000
0.997160 -0.071605 0.023349 0.000000 0.074774 0.978340 -0.193028 14.123300 -0.009021 0.194226 0.980915 0.264400 0.000000 0.000000 0.000000 1.000000
0.995247 -0.090841 0.035090 -0.000000 0.096195 0.973179 -0.208971 14.123300 -0.015166 0.211354 0.977292 0.264400 0.000000 0.000000 0.000000 1.000000
0.995704 -0.091806 0.012083 0.000000 0.092157 0.969782 -0.225898 14.123300 0.009021 0.226041 0.974076 0.264400 0.000000 0.000000 0.000000 1.000000
0.996787 -0.077020 -0.021971 0.000000 0.070005 0.971100 -0.228175 14.123300 0.038910 0.225904 0.973372 0.264400 0.000000 0.000000 0.000000 1.000000
0.997651 -0.056299 -0.039014 0.000000 0.046166 0.973449 -0.224200 14.123300 0.050600 0.221872 0.973762 0.264400 0.000000 0.000000 0.000000 1.000000
0.998197 -0.034270 -0.049281 0.000000 0.022646 0.975340 -0.219542 14.123300 0.055589 0.218030 0.974358 0.264400 0.000000 0.000000 0.000000 1.000000
0.998186 -0.014634 -0.058403 0.000000 0.002064 0.977761 -0.209713 14.123300 0.060173 0.209212 0.976017 0.264400 0.000000 0.000000 0.000000 1.000000
0.998128 -0.008311 -0.060592 0.000000 -0.003784 0.980434 -0.196814 14.123300 0.061042 0.196675 0.978567 0.264400 0.000000 0.000000 0.000000 1.000000
0.998188 -0.004158 -0.060036 -0.000000 -0.006898 0.983128 -0.182787 14.123300 0.059784 0.182870 0.981318 0.264400 0.000000 0.000000 0.000000 1.000000
0.998297 -0.001311 -0.058313 -0.000000 -0.008406 0.986078 -0.166072 14.123300 0.057719 0.166279 0.984388 0.264400 0.000000 0.000000 0.000000 1.000000
0.998425 0.001192 -0.056093 -0.000000 -0.009782 0.988159 -0.153119 14.123300 0.055247 0.153427 0.986614 0.264400 0.000000 0.000000 0.000000 1.000000
0.998516 0.004226 -0.054296 0.000000 -0.011091 0.991871 -0.126759 14.123300 0.053319 0.127173 0.990446 0.264400 0.000000 0.000000 0.000000 1.000000
0.998666 0.009223 -0.050809 0.000000 -0.013998 0.995431 -0.094448 14.123300 0.049706 0.095034 0.994232 0.264400 0.000000 0.000000 0.000000 1.000000
0.999160 0.013549 -0.038674 0.000000 -0.015881 0.998034 -0.060636 14.123300 0.037777 0.061199 0.997410 0.264400 0.000000 0.000000 0.000000 1.000000
0.999632 0.013195 -0.023718 -0.000000 -0.013893 0.999467 -0.029537 14.123300 0.023316 0.029856 0.999282 0.264400 0.000000 0.000000 0.000000 1.000000
0.999914 0.006432 -0.011444 0.000000 -0.006484 0.999969 -0.004483 14.123300 0.011415 0.004557 0.999924 0.264400 0.000000 0.000000 0.000000 1.000000
0.999988 -0.002886 -0.003952 0.000000 0.002948 0.999871 0.015802 14.123300 0.003906 -0.015814 0.999867 0.264400 0.000000 0.000000 0.000000 1.000000
0.999910 -0.013335 0.001180 0.000000 0.013291 0.999424 0.031229 14.123300 -0.001596 -0.031211 0.999512 0.264400 0.000000 0.000000 0.000000 1.000000
0.999625 -0.026930 0.005014 0.000000 0.026722 0.998929 0.037782 14.123300 -0.006026 -0.037634 0.999273 0.264400 0.000000 0.000000 0.000000 1.000000
0.999211 -0.038878 0.008087 0.000000 0.038480 0.998263 0.044610 14.123300 -0.009808 -0.044264 0.998972 0.264400 0.000000 0.000000 0.000000 1.000000
0.999032 -0.042864 0.009912 -0.000000 0.042315 0.997844 0.050177 14.123300 -0.012041 -0.049709 0.998691 0.264400 0.000000 0.000000 0.000000 1.000000
0.999311 -0.035690 0.010200 0.000000 0.035131 0.998106 0.050491 14.123300 -0.011983 -0.050098 0.998672 0.264400 0.000000 0.000000 0.000000 1.000000
0.999789 -0.018448 0.009014 0.000000 0.018015 0.998779 0.046009 14.123300 -0.009852 -0.045837 0.998900 0.264400 0.000000 0.000000 0.000000 1.000000
0.999971 -0.002725 0.007087 -0.000000 0.002444 0.999221 0.039383 14.123300 -0.007189 -0.039365 0.999199 0.264400 0.000000 0.000000 0.000000 1.000000
