<?xml version="1.0" encoding="utf-8"?>
<COLLADA xmlns="http://www.collada.org/2005/11/COLLADASchema" version="1.4.1">
  <asset>
    <contributor>
      <author>Mixamo</author>
      <authoring_tool>COLLADA Mixamo exporter</authoring_tool>
      <comments/>
    </contributor>
    <created>2026-04-27T09:00:31Z</created>
    <modified>2026-04-27T09:00:31Z</modified>
    <revision/>
    <title/>
    <unit meter="0.010000"/>
    <up_axis>Y_UP</up_axis>
  </asset>
  <library_animations>
    <animation id="mixamorig_Hips-anim" name="mixamorig_Hips">
      <source id="mixamorig_Hips-Matrix-animation-input">
        <float_array id="mixamorig_Hips-Matrix-animation-input-array" count="26">

0.000000 0.033333 0.066667 0.100000 0.133333 0.166667 0.200000 0.233333 0.266667 0.300000 0.333333 0.366667 0.400000 0.433333 0.466667 0.500000
0.533333 0.566667 0.600000 0.633333 0.666667 0.700000 0.733333 0.766667 0.800000 0.833333</float_array>
        <technique_common>
          <accessor source="#mixamorig_Hips-Matrix-animation-input-array" count="26">
            <param name="TIME" type="float"/>
          </accessor>
        </technique_common>
      </source>
      <source id="mixamorig_Hips-Matrix-animation-output-transform">
        <float_array id="mixamorig_Hips-Matrix-animation-output-transform-array" count="416">

0.730329 0.050595 -0.681219 0.453440 0.003235 0.996986 0.077515 64.826965 0.683088 -0.058816 0.727964 -1.020342 0.000000 0.000000 0.000000 1.000000
0.729360 0.041950 -0.682843 0.731199 -0.000389 0.998144 0.060905 64.770935 0.684130 -0.044156 0.728022 -1.072377 0.000000 0.000000 0.000000 1.000000
0.721292 0.014319 -0.692483 1.607014 -0.000903 0.999805 0.019734 64.126183 0.692631 -0.013609 0.721164 -1.324491 0.000000 0.000000 0.000000 1.000000
0.697869 -0.031914 -0.715514 2.869452 -0.008424 0.998572 -0.052756 62.607159 0.716175 0.042844 0.696604 -1.679291 0.000000 0.000000 0.000000 1.000000
0.666016 -0.088227 -0.740701 4.408762 -0.026104 0.989616 -0.141348 59.995026 0.745480 0.113475 0.656797 -2.113936 0.000000 0.000000 0.000000 1.000000
0.630033 -0.145147 -0.762883 6.014739 -0.053361 0.971964 -0.228996 56.253208 0.774733 0.184983 0.604624 -2.599730 0.000000 0.000000 0.000000 1.000000
0.604809 -0.197621 -0.771461 7.406007 -0.075081 0.950256 -0.302284 51.605064 0.792823 0.240746 0.559886 -3.055550 0.000000 0.000000 0.000000 1.000000
0.601271 -0.235939 -0.763417 8.500177 -0.061882 0.938793 -0.338878 46.671204 0.796645 0.251000 0.549869 -3.320402 0.000000 0.000000 0.000000 1.000000
0.600663 -0.256086 -0.757379 9.042322 -0.026717 0.940355 -0.339143 42.505699 0.799055 0.223946 0.557995 -3.289789 0.000000 0.000000 0.000000 1.000000
0.604325 -0.234506 -0.761445 9.004771 -0.006080 0.954318 -0.298731 39.973141 0.796714 0.185160 0.575293 -3.175519 0.000000 0.000000 0.000000 1.000000
0.624061 -0.165069 -0.763741 8.427192 0.001292 0.977648 -0.210246 39.287697 0.781374 0.130219 0.610325 -3.095293 0.000000 0.000000 0.000000 1.000000
0.652128 -0.095977 -0.752009 7.099289 0.010680 0.993018 -0.117475 40.776394 0.758034 0.068577 0.648600 -3.144798 0.000000 0.000000 0.000000 1.000000
0.694413 -0.043223 -0.718278 5.221625 0.019391 0.998956 -0.041366 44.255890 0.719316 0.014797 0.694526 -3.555028 0.000000 0.000000 0.000000 1.000000
0.734519 0.014780 -0.678427 3.014611 0.020666 0.998812 0.044135 49.334587 0.678273 -0.046438 0.733341 -3.917065 0.000000 0.000000 0.000000 1.000000
0.764324 0.070258 -0.640994 0.367046 0.036130 0.987819 0.151355 56.101910 0.643820 -0.138844 0.752475 -3.646509 0.000000 0.000000 0.000000 1.000000
0.778543 0.094900 -0.620375 -2.601935 0.053564 0.974847 0.216345 64.341202 0.625302 -0.201664 0.753876 -2.820054 0.000000 0.000000 0.000000 1.000000
0.763896 0.085391 -0.639665 -5.183103 0.066062 0.975653 0.209135 71.636688 0.641949 -0.202015 0.739656 -2.378838 0.000000 0.000000 0.000000 1.000000
0.770361 0.035275 -0.636632 -5.533360 0.100161 0.979377 0.175468 80.267342 0.629692 -0.198939 0.750940 -2.572197 0.000000 0.000000 0.000000 1.000000
0.782081 -0.036190 -0.622124 -4.538066 0.141278 0.982616 0.120442 87.938995 0.606951 -0.182088 0.773599 -3.179713 0.000000 0.000000 0.000000 1.000000
0.769944 -0.115671 -0.627540 -3.121930 0.173574 0.984316 0.031529 94.442154 0.614050 -0.133200 0.777946 -3.796875 0.000000 0.000000 0.000000 1.000000
0.759800 -0.173528 -0.626571 -2.262533 0.215684 0.976423 -0.008874 99.534691 0.613338 -0.128399 0.779314 -4.649574 0.000000 0.000000 0.000000 1.000000
0.752758 -0.172374 -0.635329 -1.961957 0.228859 0.973434 0.007052 103.277885 0.617235 -0.150709 0.772209 -5.517727 0.000000 0.000000 0.000000 1.000000
0.759286 -0.127500 -0.638144 -2.021891 0.233484 0.968703 0.084263 105.446785 0.607429 -0.212976 0.765292 -6.140691 0.000000 0.000000 0.000000 1.000000
0.779381 -0.081158 -0.621272 -2.527545 0.250704 0.949131 0.190520 105.961128 0.574207 -0.304243 0.760081 -6.535555 0.000000 0.000000 0.000000 1.000000
0.805232 -0.032572 -0.592065 -3.108658 0.244938 0.927592 0.282095 105.856247 0.540006 -0.372171 0.754905 -6.701858 0.000000 0.000000 0.000000 1.000000
0.824487 -0.008862 -0.565811 -3.398565 0.223489 0.923693 0.311196 105.759621 0.519878 -0.383030 0.763554 -6.710808 0.000000 0.000000 0.000000 1.000000</float_array>
        <technique_common>
          <accessor source="#mixamorig_Hips-Matrix-animation-output-transform-array" count="26" stride="16">
            <param type="float4x4"/>
          </accessor>
        </technique_common>
      </source>
      <source id="mixamorig_Hips-Interpolations">
        <Name_array id="mixamorig_Hips-Interpolations-array" count="26">
 LINEAR LINEAR LINEAR LINEAR LINEAR LINEAR LINEAR LINEAR LINEAR LINEAR LINEAR
LINEAR LINEAR LINEAR LINEAR LINEAR LINEAR LINEAR LINEAR LINEAR LINEAR LINEAR LINEAR
LINEAR LINEAR LINEAR</Name_array>
        <technique_common>
          <accessor source="#mixamorig_Hips-Interpolations-array" count="26">
            <param type="name"/>
          </accessor>
        </technique_common>
      </source>
      <sampler id="mixamorig_Hips-Matrix-animation-transform">
        <input semantic="INPUT" source="#mixamorig_Hips-Matrix-animation-input"/>
        <input semantic="OUTPUT" source="#mixamorig_Hips-Matrix-animation-output-transform"/>
        <input semantic="INTERPOLATION" source="#mixamorig_Hips-Interpolations"/>
      </sampler>
      <channel source="#mixamorig_Hips-Matrix-animation-transform" target="mixamorig_Hips/matrix"/>
    </animation>
    <animation id="mixamorig_Spine-anim" name="mixamorig_Spine">
      <source id="mixamorig_Spine-Matrix-animation-input">
        <float_array id="mixamorig_Spine-Matrix-animation-input-array" count="26">

0.000000 0.033333 0.066667 0.100000 0.133333 0.166667 0.200000 0.233333 0.266667 0.300000 0.333333 0.366667 0.400000 0.433333 0.466667 0.500000
0.533333 0.566667 0.600000 0.633333 0.666667 0.700000 0.733333 0.766667 0.800000 0.833333</float_array>
        <technique_common>
          <accessor source="#mixamorig_Spine-Matrix-animation-input-array" count="26">
            <param name="TIME" type="float"/>
          </accessor>
        </technique_common>
      </source>
      <source id="mixamorig_Spine-Matrix-animation-output-transform">
        <float_array id="mixamorig_Spine-Matrix-animation-output-transform-array" count="416">

0.996611 0.018971 0.080036 -0.000000 -0.014167 0.998087 -0.060173 3.962400 -0.081024 0.058835 0.994974 -0.274300 0.000000 0.000000 0.000000 1.000000
0.997043 0.019086 0.074434 0.000000 -0.014604 0.998074 -0.060299 3.962400 -0.075441 0.059033 0.995401 -0.274300 0.000000 0.000000 0.000000 1.000000
0.997651 0.018399 0.065980 -0.000000 -0.014259 0.997932 -0.062677 3.962400 -0.066996 0.061589 0.995851 -0.274300 0.000000 0.000000 0.000000 1.000000
0.998087 0.016821 0.059491 -0.000000 -0.012916 0.997774 -0.065427 3.962400 -0.060459 0.064534 0.996082 -0.274300 0.000000 0.000000 0.000000 1.000000
0.998492 0.013195 0.053297 0.000000 -0.009425 0.997476 -0.070382 3.962400 -0.054091 0.069774 0.996095 -0.274300 0.000000 0.000000 0.000000 1.000000
0.998960 0.008817 0.044736 -0.000000 -0.005329 0.996979 -0.077489 3.962400 -0.045284 0.077170 0.995989 -0.274300 0.000000 0.000000 0.000000 1.000000
0.999514 0.005078 0.030749 -0.000000 -0.002413 0.996284 -0.086099 3.962400 -0.031072 0.085983 0.995812 -0.274300 0.000000 0.000000 0.000000 1.000000
0.999876 0.001876 0.015635 0.000000 -0.000323 0.995113 -0.098742 3.962400 -0.015744 0.098724 0.994990 -0.274300 0.000000 0.000000 0.000000 1.000000
0.999972 0.001132 0.007334 -0.000000 -0.000327 0.994055 -0.108878 3.962400 -0.007413 0.108872 0.994028 -0.274300 0.000000 0.000000 0.000000 1.000000
0.999994 0.000785 0.003397 0.000000 -0.000393 0.993464 -0.114146 3.962400 -0.003464 0.114144 0.993458 -0.274300 0.000000 0.000000 0.000000 1.000000
0.999995 -0.002864 0.001022 0.000000 0.002965 0.992953 -0.118473 3.962400 -0.000676 0.118475 0.992957 -0.274300 0.000000 0.000000 0.000000 1.000000
0.999976 -0.003606 0.005987 -0.000000 0.004256 0.993650 -0.112432 3.962400 -0.005544 0.112455 0.993641 -0.274300 0.000000 0.000000 0.000000 1.000000
0.999961 -0.002187 0.008611 0.000000 0.003014 0.995265 -0.097147 3.962400 -0.008358 0.097169 0.995233 -0.274300 0.000000 0.000000 0.000000 1.000000
0.999945 -0.002283 0.010200 0.000000 0.003163 0.996193 -0.087113 3.962400 -0.009962 0.087140 0.996146 -0.274300 0.000000 0.000000 0.000000 1.000000
0.999822 0.002729 0.018673 -0.000000 -0.001214 0.996739 -0.080688 3.962400 -0.018833 0.080651 0.996564 -0.274300 0.000000 0.000000 0.000000 1.000000
0.999548 0.011613 0.027716 -0.000000 -0.009837 0.997942 -0.063362 3.962400 -0.028395 0.063061 0.997606 -0.274300 0.000000 0.000000 0.000000 1.000000
0.999244 0.019365 0.033712 0.000000 -0.017777 0.998746 -0.046806 3.962400 -0.034576 0.046172 0.998335 -0.274300 0.000000 0.000000 0.000000 1.000000
0.998990 0.025667 0.036878 0.000000 -0.023859 0.998532 -0.048636 3.962400 -0.038072 0.047707 0.998136 -0.274300 0.000000 0.000000 0.000000 1.000000
0.998778 0.033066 0.036720 -0.000000 -0.030839 0.997744 -0.059623 3.962400 -0.038609 0.058418 0.997545 -0.274300 0.000000 0.000000 0.000000 1.000000
0.998711 0.039003 0.032497 0.000000 -0.036569 0.996705 -0.072400 3.962400 -0.035213 0.071118 0.996846 -0.274300 0.000000 0.000000 0.000000 1.000000
0.998581 0.047942 0.023191 0.000000 -0.045669 0.994876 -0.090199 3.962400 -0.027396 0.089012 0.995654 -0.274300 0.000000 0.000000 0.000000 1.000000
0.998440 0.054627 0.011564 0.000000 -0.052932 0.991906 -0.115417 3.962400 -0.017775 0.114625 0.993250 -0.274300 0.000000 0.000000 0.000000 1.000000
0.998133 0.060958 0.003786 -0.000000 -0.059687 0.986710 -0.151133 3.962400 -0.012948 0.150625 0.988506 -0.274300 0.000000 0.000000 0.000000 1.000000
0.997882 0.065043 -0.000637 0.000000 -0.064018 0.980332 -0.186683 3.962400 -0.011518 0.186328 0.982420 -0.274300 0.000000 0.000000 0.000000 1.000000
0.998008 0.062951 -0.004101 0.000000 -0.062404 0.975622 -0.210400 3.962400 -0.009244 0.210237 0.977607 -0.274300 0.000000 0.000000 0.000000 1.000000
0.998356 0.056885 -0.007089 -0.000000 -0.057079 0.974979 -0.214843 3.962400 -0.005309 0.214894 0.976623 -0.274300 0.000000 0.000000 0.000000 1.000000</float_array>
        <technique_common>
          <accessor source="#mixamorig_Spine-Matrix-animation-output-transform-array" count="26" stride="16">
            <param type="float4x4"/>
          </accessor>
        </technique_common>
      </source>
      <source id="mixamorig_Spine-Interpolations">
        <Name_array id="mixamorig_Spine-Interpolations-array" count="26">
 LINEAR LINEAR LINEAR LINEAR LINEAR LINEAR LINEAR LINEAR LINEAR LINEAR LINEAR
LINEAR LINEAR LINEAR LINEAR LINEAR LINEAR LINEAR LINEAR LINEAR LINEAR LINEAR LINEAR
LINEAR LINEAR LINEAR</Name_array>
        <technique_common>
          <accessor source="#mixamorig_Spine-Interpolations-array" count="26">
            <param type="name"/>
          </accessor>
        </technique_common>
      </source>
      <sampler id="mixamorig_Spine-Matrix-animation-transform">
        <input semantic="INPUT" source="#mixamorig_Spine-Matrix-animation-input"/>
        <input semantic="OUTPUT" source="#mixamorig_Spine-Matrix-animation-output-transform"/>
        <input semantic="INTERPOLATION" source="#mixamorig_Spine-Interpolations"/>
      </sampler>
      <channel source="#mixamorig_Spine-Matrix-animation-transform" target="mixamorig_Spine/matrix"/>
    </animation>
    <animation id="mixamorig_Spine1-anim" name="mixamorig_Spine1">
      <source id="mixamorig_Spine1-Matrix-animation-input">
        <float_array id="mixamorig_Spine1-Matrix-animation-input-array" count="26">

0.000000 0.033333 0.066667 0.100000 0.133333 0.166667 0.200000 0.233333 0.266667 0.300000 0.333333 0.366667 0.400000 0.433333 0.466667 0.500000
0.533333 0.566667 0.600000 0.633333 0.666667 0.700000 0.733333 0.766667 0.800000 0.833333</float_array>
        <technique_common>
          <accessor source="#mixamorig_Spine1-Matrix-animation-input-array" count="26">
            <param name="TIME" type="float"/>
          </accessor>
        </technique_common>
      </source>
      <source id="mixamorig_Spine1-Matrix-animation-output-transform">
        <float_array id="mixamorig_Spine1-Matrix-animation-output-transform-array" count="416">

0.986175 0.046518 0.159041 0.000000 -0.013599 0.979270 -0.202102 14.123300 -0.165146 0.197146 0.966365 0.264400 0.000000 0.000000 0.000000 1.000000
0.987912 0.046233 0.147960 0.000000 -0.015508 0.979177 -0.202417 14.123300 -0.154238 0.197676 0.968057 0.264400 0.000000 0.000000 0.000000 1.000000
0.990355 0.044177 0.131323 -0.000000 -0.016175 0.978190 -0.207082 14.123300 -0.137607 0.202960 0.969470 0.264400 0.000000 0.000000 0.000000 1.000000
0.992101 0.040819 0.118616 0.000000 -0.014803 0.977066 -0.212422 14.123300 -0.124567 0.208988 0.969952 0.264400 0.000000 0.000000 0.000000 1.000000
0.993727 0.033631 0.106656 0.000000 -0.009174 0.975011 -0.221966 14.123300 -0.111455 0.219595 0.969204 0.264400 0.000000 0.000000 0.000000 1.000000
0.995624 0.024824 0.090097 0.000000 -0.002901 0.971820 -0.235705 14.123300 -0.093409 0.234412 0.967639 0.264400 0.000000 0.000000 0.000000 1.000000
0.997883 0.016719 0.062855 -0.000000 -0.000311 0.967613 -0.252439 14.123300 -0.065040 0.251885 0.965569 0.264400 0.000000 0.000000 0.000000 1.000000
0.999381 0.009100 0.033986 -0.000000 0.000668 0.960894 -0.276916 14.123300 -0.035177 0.276767 0.960293 0.264400 0.000000 0.000000 0.000000 1.000000
0.999801 0.006763 0.018790 -0.000000 -0.000889 0.955051 -0.296441 14.123300 -0.019950 0.296365 0.954866 0.264400 0.000000 0.000000 0.000000 1.000000
0.999912 0.005739 0.011998 0.000000 -0.001785 0.951855 -0.306543 14.123300 -0.013180 0.306495 0.951781 0.264400 0.000000 0.000000 0.000000 1.000000
0.999959 -0.001917 0.008823 0.000000 0.004597 0.949145 -0.314804 14.123300 -0.007771 0.314832 0.949116 0.264400 0.000000 0.000000 0.000000 1.000000
0.999809 -0.003487 0.019246 -0.000000 0.009160 0.952882 -0.303204 14.123300 -0.017282 0.303323 0.952731 0.264400 0.000000 0.000000 0.000000 1.000000
0.999708 -0.001409 0.024130 0.000000 0.007963 0.961764 -0.273763 14.123300 -0.022822 0.273875 0.961494 0.264400 0.000000 0.000000 0.000000 1.000000
0.999647 -0.002151 0.026485 0.000000 0.008818 0.967083 -0.254309 14.123300 -0.025066 0.254453 0.966760 0.264400 0.000000 0.000000 0.000000 1.000000
0.999103 0.008101 0.041557 -0.000000 0.002191 0.970315 -0.241835 14.123300 -0.042283 0.241709 0.969427 0.264400 0.000000 0.000000 0.000000 1.000000
0.998059 0.024761 0.057139 -0.000000 -0.012349 0.978023 -0.208131 14.123300 -0.061037 0.207021 0.976431 0.264400 0.000000 0.000000 0.000000 1.000000
0.997036 0.037955 0.066923 0.000000 -0.025666 0.984101 -0.175747 14.123300 -0.072530 0.173509 0.982158 0.264400 0.000000 0.000000 0.000000 1.000000
0.996053 0.051079 0.072591 0.000000 -0.037323 0.983033 -0.179592 14.123300 -0.080532 0.176173 0.981059 0.264400 0.000000 0.000000 0.000000 1.000000
0.995326 0.064474 0.071892 0.000000 -0.048828 0.978304 -0.201338 14.123300 -0.083314 0.196887 0.976880 0.264400 0.000000 0.000000 0.000000 1.000000
0.995152 0.075121 0.063474 -0.000000 -0.058950 0.972246 -0.226411 14.123300 -0.078721 0.221572 0.971961 0.264400 0.000000 0.000000 0.000000 1.000000
0.994800 0.091823 0.044069 0.000000 -0.077253 0.962231 -0.261041 14.123300 -0.066374 0.256280 0.964321 0.264400 0.000000 0.000000 0.000000 1.000000
0.994299 0.104965 0.018761 0.000000 -0.094060 0.946287 -0.309343 14.123300 -0.050223 0.305814 0.950766 0.264400 0.000000 0.000000 0.000000 1.000000
0.992998 0.118133 -0.000586 -0.000000 -0.109654 0.919853 -0.376625 14.123300 -0.043953 0.374052 0.926366 0.264400 0.000000 0.000000 0.000000 1.000000
0.991842 0.126782 -0.013279 -0.000000 -0.119554 0.888997 -0.442030 14.123300 -0.044237 0.440011 0.896902 0.264400 0.000000 0.000000 0.000000 1.000000
0.992137 0.123220 -0.021931 0.000000 -0.118351 0.866680 -0.484623 14.123300 -0.040708 0.483408 0.874448 0.264400 0.000000 0.000000 0.000000 1.000000
0.993413 0.111363 -0.026986 -0.000000 -0.110159 0.863347 -0.492441 14.123300 -0.031542 0.492170 0.869928 0.264400 0.000000 0.000000 0.000000 1.000000</float_array>
        <technique_common>
          <accessor source="#mixamorig_Spine1-Matrix-animation-output-transform-array" count="26" stride="16">
            <param type="float4x4"/>
          </accessor>
        </technique_common>
      </source>
      <source id="mixamorig_Spine1-Interpolations">
        <Name_array id="mixamorig_Spine1-Interpolations-array" count="26">
 LINEAR LINEAR LINEAR LINEAR LINEAR LINEAR LINEAR LINEAR LINEAR LINEAR LINEAR
LINEAR LINEAR LINEAR LINEAR LINEAR LINEAR LINEAR LINEAR LINEAR LINEAR LINEAR LINEAR
LINEAR LINEAR LINEAR</Name_array>
        <technique_common>
          <accessor source="#mixamorig_Spine1-Interpolations-array" count="26">
            <param type="name"/>
          </accessor>
        </technique_common>
      </source>
      <sampler id="mixamorig_Spine1-Matrix-animation-transform">
        <input semantic="INPUT" source="#mixamorig_Spine1-Matrix-animation-input"/>
        <input semantic="OUTPUT" source="#mixamorig_Spine1-Matrix-animation-output-transform"/>
        <input semantic="INTERPOLATION" source="#mixamorig_Spine1-Interpolations"/>
      </sampler>
      <channel source="#mixamorig_Spine1-Matrix-animation-transform" target="mixamorig_Spine1/matrix"/>
    </animation>
    <animation id="mixamorig_Spine2-anim" name="mixamorig_Spine2">
      <source id="mixamorig_Spine2-Matrix-animation-input">
        <float_array id="mixamorig_Spine2-Matrix-animation-input-array" count="26">

0.000000 0.033333 0.066667 0.100000 0.133333 0.166667 0.200000 0.233333 0.266667 0.300000 0.333333 0.366667 0.400000 0.433333 0.466667 0.500000
0.533333 0.566667 0.600000 0.633333 0.666667 0.700000 0.733333 0.766667 0.800000 0.833333</float_array>
        <technique_common>
          <accessor source="#mixamorig_Spine2-Matrix-animation-input-array" count="26">
            <param name="TIME" type="float"/>
          </accessor>
        </technique_common>
      </source>
      <source id="mixamorig_Spine2-Matrix-animation-output-transform">
        <float_array id="mixamorig_Spine2-Matrix-animation-output-transform-array" count="416">

0.986175 0.046518 0.159041 -0.000000 -0.013599 0.979270 -0.202102 11.404500 -0.165146 0.197145 0.966365 0.106100 0.000000 0.000000 0.000000 1.000000
0.987912 0.046233 0.147961 0.000000 -0.015508 0.979177 -0.202417 11.404500 -0.154238 0.197676 0.968057 0.106100 0.000000 0.000000 0.000000 1.000000
0.990355 0.044177 0.131323 -0.000000 -0.016175 0.978190 -0.207082 11.404500 -0.137608 0.202960 0.969470 0.106100 0.000000 0.000000 0.000000 1.000000
0.992101 0.040819 0.118616 -0.000000 -0.014803 0.977066 -0.212422 11.404500 -0.124567 0.208988 0.969952 0.106100 0.000000 0.000000 0.000000 1.000000
0.993727 0.033631 0.106656 0.000000 -0.009174 0.975011 -0.221966 11.404500 -0.111455 0.219595 0.969204 0.106100 0.000000 0.000000 0.000000 1.000000
0.995624 0.024824 0.090097 0.000000 -0.002901 0.971820 -0.235705 11.404500 -0.093409 0.234412 0.967639 0.106100 0.000000 0.000000 0.000000 1.000000
0.997883 0.016719 0.062855 0.000000 -0.000311 0.967613 -0.252439 11.404500 -0.065039 0.251885 0.965569 0.106100 0.000000 0.000000 0.000000 1.000000
0.999381 0.009100 0.033986 -0.000000 0.000668 0.960894 -0.276916 11.404500 -0.035177 0.276767 0.960293 0.106100 0.000000 0.000000 0.000000 1.000000
0.999801 0.006762 0.018790 -0.000000 -0.000888 0.955051 -0.296441 11.404500 -0.019950 0.296365 0.954866 0.106100 0.000000 0.000000 0.000000 1.000000
0.999912 0.005739 0.011998 0.000000 -0.001785 0.951855 -0.306543 11.404500 -0.013180 0.306495 0.951781 0.106100 0.000000 0.000000 0.000000 1.000000
0.999959 -0.001916 0.008823 0.000000 0.004597 0.949145 -0.314804 11.404500 -0.007771 0.314832 0.949116 0.106100 0.000000 0.000000 0.000000 1.000000
0.999809 -0.003487 0.019246 0.000000 0.009160 0.952881 -0.303205 11.404500 -0.017282 0.303323 0.952731 0.106100 0.000000 0.000000 0.000000 1.000000
0.999708 -0.001409 0.024130 0.000000 0.007963 0.961764 -0.273763 11.404500 -0.022822 0.273875 0.961494 0.106100 0.000000 0.000000 0.000000 1.000000
0.999647 -0.002151 0.026484 0.000000 0.008818 0.967083 -0.254309 11.404500 -0.025065 0.254453 0.966760 0.106100 0.000000 0.000000 0.000000 1.000000
0.999103 0.008101 0.041557 -0.000000 0.002191 0.970315 -0.241835 11.404500 -0.042283 0.241709 0.969427 0.106100 0.000000 0.000000 0.000000 1.000000
0.998059 0.024761 0.057139 0.000000 -0.012349 0.978023 -0.208131 11.404500 -0.061037 0.207021 0.976431 0.106100 0.000000 0.000000 0.000000 1.000000
0.997036 0.037955 0.066924 0.000000 -0.025666 0.984101 -0.175747 11.404500 -0.072530 0.173509 0.982158 0.106100 0.000000 0.000000 0.000000 1.000000
0.996053 0.051079 0.072591 0.000000 -0.037323 0.983033 -0.179592 11.404500 -0.080532 0.176174 0.981059 0.106100 0.000000 0.000000 0.000000 1.000000
0.995326 0.064474 0.071893 0.000000 -0.048828 0.978304 -0.201338 11.404500 -0.083314 0.196887 0.976880 0.106100 0.000000 0.000000 0.000000 1.000000
0.995152 0.075121 0.063474 0.000000 -0.058950 0.972246 -0.226411 11.404500 -0.078721 0.221572 0.971961 0.106100 0.000000 0.000000 0.000000 1.000000
0.994800 0.091823 0.044069 -0.000000 -0.077253 0.962231 -0.261041 11.404500 -0.066374 0.256280 0.964321 0.106100 0.000000 0.000000 0.000000 1.000000
0.994299 0.104965 0.018761 0.000000 -0.094060 0.946287 -0.309343 11.404500 -0.050223 0.305814 0.950766 0.106100 0.000000 0.000000 0.000000 1.000000
0.992998 0.118134 -0.000586 0.000000 -0.109654 0.919853 -0.376625 11.404500 -0.043953 0.374052 0.926365 0.106100 0.000000 0.000000 0.000000 1.000000
0.991842 0.126782 -0.013279 -0.000000 -0.119554 0.888997 -0.442030 11.404500 -0.044236 0.440012 0.896902 0.106100 0.000000 0.000000 0.000000 1.000000
0.992137 0.123220 -0.021931 0.000000 -0.118351 0.866680 -0.484623 11.404500 -0.040708 0.483408 0.874448 0.106100 0.000000 0.000000 0.000000 1.000000
0.993413 0.111363 -0.026986 -0.000000 -0.110159 0.863347 -0.492440 11.404500 -0.031542 0.492170 0.869928 0.106100 0.000000 0.000000 0.000000 1.000000</float_array>
        <technique_common>
          <accessor source="#mixamorig_Spine2-Matrix-animation-output-transform-array" count="26" stride="16">
            <param type="float4x4"/>
          </accessor>
        </technique_common>
      </source>
      <source id="mixamorig_Spine2-Interpolations">
        <Name_array id="mixamorig_Spine2-Interpolations-array" count="26">
 LINEAR LINEAR LINEAR LINEAR LINEAR LINEAR LINEAR LINEAR LINEAR LINEAR LINEAR
LINEAR LINEAR LINEAR LINEAR LINEAR LINEAR LINEAR LINEAR LINEAR LINEAR LINEAR LINEAR
LINEAR LINEAR LINEAR</Name_array>
        <technique_common>
          <accessor source="#mixamorig_Spine2-Interpolations-array" count="26">
            <param type="name"/>
          </accessor>
        </technique_common>
      </source>
      <sampler id="mixamorig_Spine2-Matrix-animation-transform">
        <input semantic="INPUT" source="#mixamorig_Spine2-Matrix-animation-input"/>
        <input semantic="OUTPUT" source="#mixamorig_Spine2-Matrix-animation-output-transform"/>
        <input semantic="INTERPOLATION" source="#mixamorig_Spine2-Interpolations"/>
      </sampler>
      <channel source="#mixamorig_Spine2-Matrix-animation-transform" target="mixamorig_Spine2/matrix"/>
    </animation>
    <animation id="mixamorig_Neck-anim" name="mixamorig_Neck">
      <source id="mixamorig_Neck-Matrix-animation-input">
        <float_array id="mixamorig_Neck-Matrix-animation-input-array" count="26">

0.000000 0.033333 0.066667 0.100000 0.133333 0.166667 0.200000 0.233333 0.266667 0.300000 0.333333 0.366667 0.400000 0.433333 0.466667 0.500000
0.533333 0.566667 0.600000 0.633333 0.666667 0.700000 0.733333 0.766667 0.800000 0.833333</float_array>
        <technique_common>
          <accessor source="#mixamorig_Neck-Matrix-animation-input-array" count="26">
            <param name="TIME" type="float"/>
          </accessor>
        </technique_common>
      </source>
      <source id="mixamorig_Neck-Matrix-animation-output-transform">
        <float_array id="mixamorig_Neck-Matrix-animation-output-transform-array" count="416">

0.999743 -0.003438 -0.022414 0.000000 0.004193 0.999423 0.033713 9.946700 0.022285 -0.033798 0.999180 0.000000 0.000000 0.000000 0.000000 1.000000
0.999894 -0.006586 -0.013005 -0.000000 0.007158 0.998983 0.044506 9.946700 0.012699 -0.044595 0.998924 0.000000 0.000000 0.000000 0.000000 1.000000
0.999942 -0.009371 0.005227 -0.000000 0.008954 0.997158 0.074802 9.946700 -0.005914 -0.074751 0.997185 0.000000 0.000000 0.000000 0.000000 1.000000
0.999404 -0.008882 0.033366 -0.000000 0.004921 0.993124 0.116962 9.946700 -0.034175 -0.116728 0.992576 0.000000 0.000000 0.000000 0.000000 1.000000
0.997593 -0.002546 0.069297 0.000000 -0.008321 0.987710 0.156073 9.946700 -0.068842 -0.156274 0.985312 0.000000 0.000000 0.000000 0.000000 1.000000
0.994286 0.013326 0.105910 0.000000 -0.032067 0.983638 0.177282 9.946700 -0.101815 -0.179665 0.978445 0.000000 0.000000 0.000000 0.000000 1.000000
0.990217 0.039217 0.133915 -0.000000 -0.062558 0.982612 0.174815 9.946700 -0.124731 -0.181482 0.975452 0.000000 0.000000 0.000000 0.000000 1.000000
0.987280 0.063109 0.145929 0.000000 -0.086262 0.983629 0.158219 9.946700 -0.133554 -0.168795 0.976561 0.000000 0.000000 0.000000 0.000000 1.000000
0.987448 0.068899 0.142122 -0.000000 -0.089811 0.985137 0.146419 9.946700 -0.129922 -0.157345 0.978960 -0.000000 0.000000 0.000000 0.000000 1.000000
0.989801 0.055516 0.131192 -0.000000 -0.075406 0.985519 0.151873 9.946700 -0.120861 -0.160216 0.979655 -0.000000 0.000000 0.000000 0.000000 1.000000
0.991981 0.033844 0.121773 0.000000 -0.054727 0.983493 0.172471 9.946700 -0.113926 -0.177753 0.977458 -0.000000 0.000000 0.000000 0.000000 1.000000
0.993305 0.009767 0.115104 0.000000 -0.031936 0.980803 0.192369 9.946700 -0.111015 -0.194757 0.974549 -0.000000 0.000000 0.000000 0.000000 1.000000
0.994140 -0.016618 0.106813 0.000000 -0.004051 0.981692 0.190430 9.946700 -0.108022 -0.189747 0.975873 0.000000 0.000000 0.000000 0.000000 1.000000
0.994764 -0.043751 0.092361 0.000000 0.029706 0.988496 0.148299 9.946700 -0.097786 -0.144779 0.984620 -0.000000 0.000000 0.000000 0.000000 1.000000
0.994775 -0.072612 0.071758 -0.000000 0.068466 0.995929 0.058642 9.946700 -0.075724 -0.053422 0.995697 0.000000 0.000000 0.000000 0.000000 1.000000
0.993495 -0.101755 0.051116 0.000000 0.104552 0.992976 -0.055392 9.946700 -0.045121 0.060376 0.997155 0.000000 0.000000 0.000000 0.000000 1.000000
0.992562 -0.115421 0.038721 0.000000 0.119945 0.981586 -0.148669 9.946700 -0.020848 0.152207 0.988129 0.000000 0.000000 0.000000 0.000000 1.000000
0.994212 -0.099785 0.039827 0.000000 0.105928 0.972347 -0.208137 9.946700 -0.017956 0.211151 0.977288 0.000000 0.000000 0.000000 0.000000 1.000000
0.996730 -0.060625 0.053425 0.000000 0.072556 0.962487 -0.261447 9.946700 -0.035570 0.264468 0.963738 0.000000 0.000000 0.000000 0.000000 1.000000
0.997462 -0.013981 0.069812 0.000000 0.035293 0.948678 -0.314267 9.946700 -0.061835 0.315933 0.946764 0.000000 0.000000 0.000000 0.000000 1.000000
0.996747 0.024236 0.076866 0.000000 0.002385 0.944430 -0.328705 9.946700 -0.080562 0.327819 0.941299 0.000000 0.000000 0.000000 0.000000 1.000000
0.996381 0.044522 0.072411 -0.000000 -0.022587 0.959909 -0.279399 9.946700 -0.081947 0.276753 0.957441 -0.000000 0.000000 0.000000 0.000000 1.000000
0.996426 0.053924 0.065026 -0.000000 -0.040457 0.980358 -0.193031 9.946700 -0.074158 0.189710 0.979036 0.000000 0.000000 0.000000 0.000000 1.000000
0.995398 0.070949 0.064410 -0.000000 -0.062869 0.990804 -0.119816 9.946700 -0.072318 0.115215 0.990705 0.000000 0.000000 0.000000 0.000000 1.000000
0.992387 0.099635 0.072388 0.000000 -0.093607 0.992196 -0.082376 9.946700 -0.080030 0.074973 0.993969 0.000000 0.000000 0.000000 0.000000 1.000000
0.989110 0.122186 0.082052 0.000000 -0.116803 0.990859 -0.067495 9.946700 -0.089549 0.057176 0.994340 -0.000000 0.000000 0.000000 0.000000 1.000000</float_array>
        <technique_common>
          <accessor source="#mixamorig_Neck-Matrix-animation-output-transform-array" count="26" stride="16">
            <param type="float4x4"/>
          </accessor>
        </technique_common>
      </source>
      <source id="mixamorig_Neck-Interpolations">
        <Name_array id="mixamorig_Neck-Interpolations-array" count="26">
 LINEAR LINEAR LINEAR LINEAR LINEAR LINEAR LINEAR LINEAR LINEAR LINEAR LINEAR
LINEAR LINEAR LINEAR LINEAR LINEAR LINEAR LINEAR LINEAR LINEAR LINEAR LINEAR LINEAR
LINEAR LINEAR LINEAR</Name_array>
        <technique_common>
          <accessor source="#mixamorig_Neck-Interpolations-array" count="26">
            <param type="name"/>
          </accessor>
        </technique_common>
      </source>
      <sampler id="mixamorig_Neck-Matrix-animation-transform">
        <input semantic="INPUT" source="#mixamorig_Neck-Matrix-animation-input"/>
        <input semantic="OUTPUT" source="#mixamorig_Neck-Matrix-animation-output-transform"/>
        <input semantic="INTERPOLATION" source="#mixamorig_Neck-Interpolations"/>
      </sampler>
      <channel source="#mixamorig_Neck-Matrix-animation-transform" target="mixamorig_Neck/matrix"/>
    </animation>
    <animation id="mixamorig_Head-anim" name="mixamorig_Head">
      <source id="mixamorig_Head-Matrix-animation-input">
        <float_array id="mixamorig_Head-Matrix-animation-input-array" count="26">

0.000000 0.033333 0.066667 0.100000 0.133333 0.166667 0.200000 0.233333 0.266667 0.300000 0.333333 0.366667 0.400000 0.433333 0.466667 0.500000
0.533333 0.566667 0.600000 0.633333 0.666667 0.700000 0.733333 0.766667 0.800000 0.833333</float_array>
        <technique_common>
          <accessor source="#mixamorig_Head-Matrix-animation-input-array" count="26">
            <param name="TIME" type="float"/>
          </accessor>
        </technique_common>
      </source>
      <source id="mixamorig_Head-Matrix-animation-output-transform">
        <float_array id="mixamorig_Head-Matrix-animation-output-transform-array" count="416">

0.937031 0.006188 0.349190 0.000000 -0.044709 0.993742 0.102364 8.579100 -0.346371 -0.111530 0.931444 0.114200 0.000000 0.000000 0.000000 1.000000
0.933938 0.011212 0.357260 -0.000000 -0.046011 0.994963 0.089056 8.579100 -0.354462 -0.099611 0.929749 0.114200 0.000000 0.000000 0.000000 1.000000
0.927258 0.036823 0.372608 -0.000000 -0.074065 0.993527 0.086130 8.579100 -0.367025 -0.107462 0.923983 0.114200 0.000000 0.000000 0.000000 1.000000
0.914146 0.073402 0.398684 0.000000 -0.124970 0.986599 0.104901 8.579100 -0.385641 -0.145718 0.911069 0.114200 0.000000 0.000000 0.000000 1.000000
0.896184 0.101653 0.431880 0.000000 -0.182881 0.971496 0.150828 8.579100 -0.404238 -0.214152 0.889230 0.114200 0.000000 0.000000 0.000000 1.000000
0.883178 0.106233 0.456849 -0.000000 -0.231008 0.946207 0.226557 8.579100 -0.408206 -0.305626 0.860209 0.114200 0.000000 0.000000 0.000000 1.000000
0.884078 0.091704 0.458255 -0.000000 -0.262047 0.909181 0.323606 8.579100 -0.386961 -0.406177 0.827818 0.114200 0.000000 0.000000 0.000000 1.000000
0.896902 0.076988 0.435476 0.000000 -0.274079 0.869574 0.410757 8.579100 -0.347056 -0.487764 0.801024 0.114200 0.000000 0.000000 0.000000 1.000000
0.912510 0.071519 0.402754 -0.000000 -0.268517 0.847494 0.457878 8.579100 -0.308584 -0.525965 0.792551 0.114200 0.000000 0.000000 0.000000 1.000000
0.923908 0.070193 0.376120 0.000000 -0.252424 0.850566 0.461323 8.579100 -0.287533 -0.521162 0.803564 0.114200 0.000000 0.000000 0.000000 1.000000
0.929697 0.068368 0.361924 -0.000000 -0.231924 0.872023 0.431031 8.579100 -0.286138 -0.484667 0.826573 0.114200 0.000000 0.000000 0.000000 1.000000
0.932123 0.063606 0.356512 0.000000 -0.204441 0.905002 0.373061 8.579100 -0.298916 -0.420625 0.856577 0.114200 0.000000 0.000000 0.000000 1.000000
0.935028 0.055371 0.350223 0.000000 -0.165439 0.941753 0.292799 8.579100 -0.313611 -0.331716 0.889726 0.114200 0.000000 0.000000 0.000000 1.000000
0.941724 0.053366 0.332126 0.000000 -0.122863 0.973690 0.191919 8.579100 -0.313146 -0.221540 0.923504 0.114200 0.000000 0.000000 0.000000 1.000000
0.950245 0.072596 0.302925 0.000000 -0.096963 0.993086 0.066170 8.579100 -0.296027 -0.092250 0.950714 0.114200 0.000000 0.000000 0.000000 1.000000
0.953861 0.117610 0.276255 0.000000 -0.103716 0.992518 -0.064430 8.579100 -0.281765 0.032805 0.958922 0.114200 0.000000 0.000000 0.000000 1.000000
0.949289 0.173342 0.262302 0.000000 -0.140191 0.980126 -0.140353 8.579100 -0.281418 0.096463 0.954724 0.114200 0.000000 0.000000 0.000000 1.000000
0.939675 0.212310 0.268206 0.000000 -0.186775 0.975328 -0.117687 8.579100 -0.286575 0.060493 0.956146 0.114200 0.000000 0.000000 0.000000 1.000000
0.929954 0.216168 0.297417 -0.000000 -0.219900 0.975290 -0.021283 8.579100 -0.294668 -0.045610 0.954511 0.114200 0.000000 0.000000 0.000000 1.000000
0.925745 0.189475 0.327256 0.000000 -0.226703 0.970733 0.079265 8.579100 -0.302659 -0.147569 0.941605 0.114200 0.000000 0.000000 0.000000 1.000000
0.935079 0.151748 0.320312 -0.000000 -0.202313 0.970545 0.130811 8.579100 -0.291027 -0.187122 0.938237 0.114200 0.000000 0.000000 0.000000 1.000000
0.956308 0.116214 0.268270 0.000000 -0.153850 0.980312 0.123766 8.579100 -0.248605 -0.159632 0.955360 0.114200 0.000000 0.000000 0.000000 1.000000
0.976734 0.079918 0.199006 0.000000 -0.097399 0.992053 0.079645 8.579100 -0.191059 -0.097175 0.976757 0.114200 0.000000 0.000000 0.000000 1.000000
0.988514 0.036931 0.146547 0.000000 -0.040947 0.998861 0.024480 8.579100 -0.145476 -0.030200 0.988901 0.114200 0.000000 0.000000 0.000000 1.000000
0.991911 -0.007485 0.126712 -0.000000 0.010323 0.999710 -0.021753 8.579100 -0.126512 0.022885 0.991701 0.114200 0.000000 0.000000 0.000000 1.000000
0.990303 -0.040331 0.132938 0.000000 0.046704 0.997887 -0.045170 8.579100 -0.130836 0.050940 0.990095 0.114200 0.000000 0.000000 0.000000 1.000000</float_array>
        <technique_common>
          <accessor source="#mixamorig_Head-Matrix-animation-output-transform-array" count="26" stride="16">
            <param type="float4x4"/>
          </accessor>
        </technique_common>
      </source>
      <source id="mixamorig_Head-Interpolations">
        <Name_array id="mixamorig_Head-Interpolations-array" count="26">
 LINEAR LINEAR LINEAR LINEAR LINEAR LINEAR LINEAR LINEAR LINEAR LINEAR LINEAR
LINEAR LINEAR LINEAR LINEAR LINEAR LINEAR LINEAR LINEAR LINEAR LINEAR LINEAR LINEAR
LINEAR LINEAR LINEAR</Name_array>
        <technique_common>
          <accessor source="#mixamorig_Head-Interpolations-array" count="26">
            <param type="name"/>
          </accessor>
        </technique_common>
      </source>
      <sampler id="mixamorig_Head-Matrix-animation-transform">
        <input semantic="INPUT" source="#mixamorig_Head-Matrix-animation-input"/>
        <input semantic="OUTPUT" source="#mixamorig_Head-Matrix-animation-output-transform"/>
        <input semantic="INTERPOLATION" source="#mixamorig_Head-Interpolations"/>
      </sampler>
      <channel source="#mixamorig_Head-Matrix-animation-transform" target="mixamorig_Head/matrix"/>
    </animation>
    <animation id="mixamorig_LeftShoulder-anim" name="mixamorig_LeftShoulder">
      <source id="mixamorig_LeftShoulder-Matrix-animation-input">
        <float_array id="mixamorig_LeftShoulder-Matrix-animation-input-array" count="26">

0.000000 0.033333 0.066667 0.100000 0.133333 0.166667 0.200000 0.233333 0.266667 0.300000 0.333333 0.366667 0.400000 0.433333 0.466667 0.500000
0.533333 0.566667 0.600000 0.633333 0.666667 0.700000 0.733333 0.766667 0.800000 0.833333</float_array>
        <technique_common>
          <accessor source="#mixamorig_LeftShoulder-Matrix-animation-input-array" count="26">
            <param name="TIME" type="float"/>
          </accessor>
        </technique_common>
      </source>
      <source id="mixamorig_LeftShoulder-Matrix-animation-output-transform">
        <float_array id="mixamorig_LeftShoulder-Matrix-animation-output-transform-array" count="416">

-0.006636 0.929505 -0.368751 4.224100 0.026300 -0.368469 -0.929268 8.898400 -0.999632 -0.015865 -0.022001 -0.056600 0.000000 0.000000 0.000000 1.000000
-0.017465 0.928029 -0.372099 4.224100 0.025801 -0.371614 -0.928029 8.898400 -0.999515 -0.025808 -0.017454 -0.056600 0.000000 0.000000 0.000000 1.000000
-0.027916 0.923045 -0.383677 4.224100 0.024262 -0.383088 -0.923393 8.898400 -0.999316 -0.035086 -0.011701 -0.056600 0.000000 0.000000 0.000000 1.000000
-0.036923 0.913053 -0.406167 4.224100 0.022386 -0.405586 -0.913783 8.898400 -0.999067 -0.042832 -0.005464 -0.056600 0.000000 0.000000 0.000000 1.000000
-0.046842 0.896082 -0.441410 4.224100 0.021303 -0.440898 -0.897304 8.898400 -0.998675 -0.051435 0.001564 -0.056600 0.000000 0.000000 0.000000 1.000000
-0.060275 0.869554 -0.490145 4.224100 0.022470 -0.489732 -0.871584 8.898400 -0.997929 -0.063548 0.009980 -0.056600 0.000000 0.000000 0.000000 1.000000
-0.074128 0.833327 -0.547788 4.224100 0.026785 -0.547437 -0.836418 8.898400 -0.996889 -0.076675 0.018260 -0.056600 0.000000 0.000000 0.000000 1.000000
-0.078065 0.797239 -0.598595 4.224100 0.031734 -0.598136 -0.800766 8.898400 -0.996443 -0.081508 0.021394 -0.056600 0.000000 0.000000 0.000000 1.000000
-0.064773 0.778580 -0.624194 4.224100 0.032193 -0.623552 -0.781119 8.898400 -0.997381 -0.070691 0.015325 -0.056600 0.000000 0.000000 0.000000 1.000000
-0.040686 0.784670 -0.618577 4.224100 0.028277 -0.617937 -0.785719 8.898400 -0.998772 -0.049459 0.002953 -0.056600 0.000000 0.000000 0.000000 1.000000
-0.018993 0.808417 -0.588303 4.224100 0.024574 -0.587854 -0.808594 8.898400 -0.999518 -0.029815 -0.008701 -0.056600 0.000000 0.000000 0.000000 1.000000
-0.004290 0.842258 -0.539057 4.224100 0.021286 -0.538863 -0.842125 8.898400 -0.999764 -0.015087 -0.015617 -0.056600 0.000000 0.000000 0.000000 1.000000
0.006289 0.885145 -0.465274 4.224100 0.015082 -0.465314 -0.885017 8.898400 -0.999866 -0.001451 -0.016276 -0.056600 0.000000 0.000000 0.000000 1.000000
0.006677 0.936278 -0.351195 4.224100 0.007326 -0.351239 -0.936257 8.898400 -0.999951 0.003678 -0.009204 -0.056600 0.000000 0.000000 0.000000 1.000000
-0.026328 0.982737 -0.183125 4.224100 0.001926 -0.183139 -0.983085 8.898400 -0.999652 -0.026235 0.002929 -0.056600 0.000000 0.000000 0.000000 1.000000
-0.113245 0.993426 0.016722 4.224100 -0.014068 0.015225 -0.999785 8.898400 -0.993468 -0.113456 0.012252 -0.056600 0.000000 0.000000 0.000000 1.000000
-0.233974 0.957558 0.168340 4.224100 -0.056815 0.159384 -0.985580 8.898400 -0.970581 -0.240165 0.017112 -0.056600 0.000000 0.000000 0.000000 1.000000
-0.343443 0.918343 0.196704 4.224100 -0.098314 0.173138 -0.979978 8.898400 -0.934014 -0.355905 0.030823 -0.056600 0.000000 0.000000 0.000000 1.000000
-0.414581 0.903784 0.106286 4.224100 -0.103252 0.069325 -0.992236 8.898400 -0.904136 -0.422337 0.064576 -0.056600 0.000000 0.000000 0.000000 1.000000
