<?xml version="1.0" encoding="utf-8"?>
<COLLADA xmlns="http://www.collada.org/2005/11/COLLADASchema" version="1.4.1">
  <asset>
    <contributor>
      <author>Mixamo</author>
      <authoring_tool>COLLADA Mixamo exporter</authoring_tool>
      <comments/>
    </contributor>
    <created>2026-04-27T09:00:52Z</created>
    <modified>2026-04-27T09:00:52Z</modified>
    <revision/>
    <title/>
    <unit meter="0.010000"/>
    <up_axis>Y_UP</up_axis>
  </asset>
  <library_animations>
    <animation id="mixamorig_Hips-anim" name="mixamorig_Hips">
      <source id="mixamorig_Hips-Matrix-animation-input">
        <float_array id="mixamorig_Hips-Matrix-animation-input-array" count="47">

0.000000 0.033333 0.066667 0.100000 0.133333 0.166667 0.200000 0.233333 0.266667 0.300000 0.333333 0.366667 0.400000 0.433333 0.466667 0.500000
0.533333 0.566667 0.600000 0.633333 0.666667 0.700000 0.733333 0.766667 0.800000 0.833333 0.866667 0.900000 0.933333 0.966667 1.000000 1.033333
1.066667 1.100000 1.133333 1.166667 1.200000 1.233333 1.266667 1.300000 1.333333 1.366667 1.400000 1.433333 1.466667 1.500000 1.533333</float_array>
        <technique_common>
          <accessor source="#mixamorig_Hips-Matrix-animation-input-array" count="47">
            <param name="TIME" type="float"/>
          </accessor>
        </technique_common>
      </source>
      <source id="mixamorig_Hips-Matrix-animation-output-transform">
        <float_array id="mixamorig_Hips-Matrix-animation-output-transform-array" count="752">

0.998036 0.039531 0.048599 0.067326 -0.034795 0.994897 -0.094707 64.921158 -0.052095 0.092830 0.994318 -0.063587 0.000000 0.000000 0.000000 1.000000
0.997045 -0.072266 -0.026055 0.977794 0.072240 0.997385 -0.001926 66.243744 0.026126 0.000038 0.999659 14.098746 0.000000 0.000000 0.000000 1.000000
0.981347 -0.141117 -0.130551 1.649141 0.156104 0.981288 0.112720 65.314331 0.112201 -0.130996 0.985013 28.203184 0.000000 0.000000 0.000000 1.000000
0.944584 -0.176873 -0.276545 1.563810 0.231411 0.956284 0.178801 62.136200 0.232831 -0.232888 0.944221 42.992321 0.000000 0.000000 0.000000 1.000000
0.902594 -0.199922 -0.381254 1.442976 0.290506 0.936437 0.196704 56.832367 0.317695 -0.288300 0.903301 56.809334 0.000000 0.000000 0.000000 1.000000
0.835435 -0.230053 -0.499123 1.747763 0.362514 0.913262 0.185842 49.833580 0.413076 -0.336198 0.846368 69.732597 0.000000 0.000000 0.000000 1.000000
0.726575 -0.272417 -0.630775 1.762931 0.454750 0.878859 0.144257 41.907494 0.515064 -0.391659 0.762438 82.556557 0.000000 0.000000 0.000000 1.000000
0.621033 -0.319862 -0.715547 2.039403 0.537864 0.837971 0.092231 33.867840 0.570106 -0.442145 0.692450 95.251633 0.000000 0.000000 0.000000 1.000000
0.542755 -0.360018 -0.758818 3.379285 0.601125 0.797488 0.051598 26.553127 0.586572 -0.484150 0.649256 107.749504 0.000000 0.000000 0.000000 1.000000
0.509790 -0.398243 -0.762573 4.433093 0.649758 0.759196 0.037892 20.778584 0.563852 -0.514805 0.645792 120.229790 0.000000 0.000000 0.000000 1.000000
0.483741 -0.458899 -0.745256 4.751165 0.737679 0.672013 0.065024 17.242760 0.470983 -0.581214 0.663600 132.693604 0.000000 0.000000 0.000000 1.000000
0.370982 -0.561714 -0.739493 5.001387 0.801619 0.595711 -0.050350 16.891806 0.468806 -0.574112 0.671279 145.251923 0.000000 0.000000 0.000000 1.000000
0.227054 -0.653475 -0.722092 5.624051 0.813616 0.534777 -0.228127 17.734867 0.535234 -0.535709 0.653101 157.736984 0.000000 0.000000 0.000000 1.000000
0.176118 -0.669928 -0.721234 6.116596 0.817589 0.507594 -0.271839 18.124662 0.548206 -0.541798 0.637122 169.999969 0.000000 0.000000 0.000000 1.000000
0.138865 -0.672951 -0.726536 6.709604 0.818958 0.490524 -0.297816 18.610226 0.556799 -0.553646 0.619235 182.076965 0.000000 0.000000 0.000000 1.000000
0.120755 -0.664596 -0.737380 7.257928 0.813425 0.492023 -0.310249 19.186968 0.568998 -0.562339 0.600013 193.950684 0.000000 0.000000 0.000000 1.000000
0.110391 -0.652703 -0.749528 7.709150 0.796727 0.508957 -0.325867 19.862799 0.594172 -0.561196 0.576211 205.618866 0.000000 0.000000 0.000000 1.000000
0.097601 -0.642688 -0.759886 8.060716 0.768034 0.534219 -0.353178 20.590567 0.632928 -0.549147 0.545746 217.082016 0.000000 0.000000 0.000000 1.000000
0.081049 -0.637120 -0.766491 8.335376 0.730885 0.560855 -0.388907 21.337620 0.677671 -0.528697 0.511119 228.308533 0.000000 0.000000 0.000000 1.000000
0.067604 -0.635375 -0.769239 8.575336 0.691860 0.585368 -0.422699 22.114033 0.718860 -0.503629 0.479164 239.271042 0.000000 0.000000 0.000000 1.000000
0.064305 -0.635166 -0.769694 8.827628 0.656768 0.607644 -0.446569 22.962173 0.751346 -0.476794 0.456231 249.947937 0.000000 0.000000 0.000000 1.000000
0.072322 -0.634923 -0.769183 9.107191 0.627482 0.628420 -0.459732 23.896847 0.775265 -0.449400 0.443852 260.324341 0.000000 0.000000 0.000000 1.000000
0.089135 -0.635010 -0.767344 9.410945 0.598468 0.649977 -0.468366 25.010208 0.796173 -0.417483 0.437969 270.393311 0.000000 0.000000 0.000000 1.000000
0.128737 -0.643556 -0.754495 9.789845 0.526655 0.689036 -0.497860 27.480465 0.840275 -0.333265 0.427636 280.226013 0.000000 0.000000 0.000000 1.000000
0.176803 -0.651379 -0.737866 9.705372 0.448283 0.720697 -0.528807 30.148411 0.876232 -0.237279 0.419423 289.804993 0.000000 0.000000 0.000000 1.000000
0.249545 -0.618355 -0.745228 9.310781 0.428557 0.760629 -0.487629 32.040539 0.868370 -0.197687 0.454812 298.415436 0.000000 0.000000 0.000000 1.000000
0.384910 -0.542739 -0.746511 8.395446 0.416927 0.823846 -0.383991 33.473843 0.823417 -0.163438 0.543390 306.160095 0.000000 0.000000 0.000000 1.000000
0.515922 -0.466255 -0.718631 7.092536 0.367310 0.878275 -0.306133 34.610481 0.773892 -0.106020 0.624381 313.733917 0.000000 0.000000 0.000000 1.000000
0.629251 -0.370283 -0.683326 5.186234 0.259697 0.928851 -0.264183 35.998287 0.732531 -0.011220 0.680642 321.255432 0.000000 0.000000 0.000000 1.000000
0.701101 -0.299046 -0.647324 3.691228 0.139013 0.947713 -0.287256 38.251770 0.699380 0.111409 0.706014 328.697144 0.000000 0.000000 0.000000 1.000000
0.737342 -0.273315 -0.617759 2.410409 0.058737 0.936970 -0.344437 40.590416 0.672961 0.217682 0.706921 335.863708 0.000000 0.000000 0.000000 1.000000
0.794349 -0.227360 -0.563309 1.461013 0.015652 0.934669 -0.355175 42.825138 0.607260 0.273316 0.746012 342.652527 0.000000 0.000000 0.000000 1.000000
0.840049 -0.187828 -0.508958 0.629668 0.000555 0.938451 -0.345413 45.020004 0.542510 0.289882 0.788449 349.192566 0.000000 0.000000 0.000000 1.000000
0.874862 -0.155336 -0.458788 -0.082814 -0.007563 0.942686 -0.333594 47.130836 0.484313 0.295319 0.823546 355.657715 0.000000 0.000000 0.000000 1.000000
0.900071 -0.129100 -0.416180 -0.550542 -0.012688 0.946932 -0.321182 49.212769 0.435559 0.294367 0.850668 362.086945 0.000000 0.000000 0.000000 1.000000
0.921557 -0.103728 -0.374129 -0.895492 -0.017735 0.951395 -0.307462 51.257786 0.387837 0.289979 0.874926 368.556549 0.000000 0.000000 0.000000 1.000000
0.940011 -0.077292 -0.332273 -1.217761 -0.024974 0.955790 -0.292986 53.304977 0.340229 0.283709 0.896523 375.075012 0.000000 0.000000 0.000000 1.000000
0.954958 -0.053372 -0.291901 -1.515663 -0.031170 0.960209 -0.277539 55.298504 0.295099 0.274137 0.915295 381.637177 0.000000 0.000000 0.000000 1.000000
0.967215 -0.035828 -0.251419 -1.793619 -0.032123 0.964787 -0.261063 57.081421 0.251919 0.260580 0.932006 388.425964 0.000000 0.000000 0.000000 1.000000
0.977592 -0.020995 -0.209459 -2.032426 -0.031372 0.969372 -0.243583 58.661274 0.208158 0.244696 0.946992 395.678314 0.000000 0.000000 0.000000 1.000000
0.985771 -0.008824 -0.167860 -2.195441 -0.029605 0.973897 -0.225054 60.111023 0.165464 0.226821 0.959778 403.361816 0.000000 0.000000 0.000000 1.000000
0.991888 0.001661 -0.127102 -2.256883 -0.027972 0.978257 -0.205502 61.383003 0.123997 0.207390 0.970368 411.528351 0.000000 0.000000 0.000000 1.000000
0.996038 0.012501 -0.088043 -2.177866 -0.028680 0.982323 -0.184982 62.591484 0.084174 0.186774 0.978790 420.277069 0.000000 0.000000 0.000000 1.000000
0.998530 0.021632 -0.049704 -1.883822 -0.029508 0.986078 -0.163644 63.675865 0.045472 0.164870 0.985267 429.555908 0.000000 0.000000 0.000000 1.000000
0.999496 0.028985 -0.012909 -1.065490 -0.030523 0.989452 -0.141610 64.524727 0.008668 0.141933 0.989838 439.270935 0.000000 0.000000 0.000000 1.000000
0.999107 0.036053 0.022015 -0.309333 -0.033182 0.992320 -0.119166 65.042931 -0.026142 0.118329 0.992630 449.321411 0.000000 0.000000 0.000000 1.000000
0.998036 0.039531 0.048599 0.067326 -0.034795 0.994897 -0.094707 64.921165 -0.052095 0.092830 0.994318 459.613312 0.000000 0.000000 0.000000 1.000000</float_array>
        <technique_common>
          <accessor source="#mixamorig_Hips-Matrix-animation-output-transform-array" count="47" stride="16">
            <param type="float4x4"/>
          </accessor>
        </technique_common>
      </source>
      <source id="mixamorig_Hips-Interpolations">
        <Name_array id="mixamorig_Hips-Interpolations-array" count="47">
 LINEAR LINEAR LINEAR LINEAR LINEAR LINEAR LINEAR LINEAR LINEAR LINEAR LINEAR
LINEAR LINEAR LINEAR LINEAR LINEAR LINEAR LINEAR LINEAR LINEAR LINEAR LINEAR LINEAR
LINEAR LINEAR LINEAR LINEAR LINEAR LINEAR LINEAR LINEAR LINEAR LINEAR LINEAR LINEAR
LINEAR LINEAR LINEAR LINEAR LINEAR LINEAR LINEAR LINEAR LINEAR LINEAR LINEAR LINEAR</Name_array>
        <technique_common>
          <accessor source="#mixamorig_Hips-Interpolations-array" count="47">
            <param type="name"/>
          </accessor>
        </technique_common>
      </source>
      <sampler id="mixamorig_Hips-Matrix-animation-transform">
        <input semantic="INPUT" source="#mixamorig_Hips-Matrix-animation-input"/>
        <input semantic="OUTPUT" source="#mixamorig_Hips-Matrix-animation-output-transform"/>
        <input semantic="INTERPOLATION" source="#mixamorig_Hips-Interpolations"/>
      </sampler>
      <channel source="#mixamorig_Hips-Matrix-animation-transform" target="mixamorig_Hips/matrix"/>
    </animation>
    <animation id="mixamorig_Spine-anim" name="mixamorig_Spine">
      <source id="mixamorig_Spine-Matrix-animation-input">
        <float_array id="mixamorig_Spine-Matrix-animation-input-array" count="47">

0.000000 0.033333 0.066667 0.100000 0.133333 0.166667 0.200000 0.233333 0.266667 0.300000 0.333333 0.366667 0.400000 0.433333 0.466667 0.500000
0.533333 0.566667 0.600000 0.633333 0.666667 0.700000 0.733333 0.766667 0.800000 0.833333 0.866667 0.900000 0.933333 0.966667 1.000000 1.033333
1.066667 1.100000 1.133333 1.166667 1.200000 1.233333 1.266667 1.300000 1.333333 1.366667 1.400000 1.433333 1.466667 1.500000 1.533333</float_array>
        <technique_common>
          <accessor source="#mixamorig_Spine-Matrix-animation-input-array" count="47">
            <param name="TIME" type="float"/>
          </accessor>
        </technique_common>
      </source>
      <source id="mixamorig_Spine-Matrix-animation-output-transform">
        <float_array id="mixamorig_Spine-Matrix-animation-output-transform-array" count="752">

0.999639 -0.012014 0.024039 0.000000 0.013084 0.998906 -0.044886 3.962400 -0.023474 0.045185 0.998703 -0.274300 0.000000 0.000000 0.000000 1.000000
0.999585 0.011774 0.026299 0.000000 -0.010679 0.999086 -0.041384 3.962400 -0.026763 0.041085 0.998797 -0.274300 0.000000 0.000000 0.000000 1.000000
0.999194 0.029783 0.026901 0.000000 -0.028416 0.998351 -0.049873 3.962400 -0.028342 0.049068 0.998393 -0.274300 0.000000 0.000000 0.000000 1.000000
0.998421 0.047852 0.029437 0.000000 -0.046056 0.997198 -0.058952 3.962400 -0.032175 0.057503 0.997827 -0.274300 0.000000 0.000000 0.000000 1.000000
0.998009 0.058708 0.023063 -0.000000 -0.057143 0.996346 -0.063474 3.962400 -0.026706 0.062030 0.997717 -0.274300 0.000000 0.000000 0.000000 1.000000
0.997676 0.066009 0.016896 0.000000 -0.064747 0.995670 -0.066696 3.962400 -0.021225 0.065448 0.997630 -0.274300 0.000000 0.000000 0.000000 1.000000
0.997130 0.073742 0.017156 0.000000 -0.072393 0.994975 -0.069163 3.962400 -0.022170 0.067723 0.997458 -0.274300 0.000000 0.000000 0.000000 1.000000
0.997185 0.074475 0.008666 0.000000 -0.073639 0.994563 -0.073637 3.962400 -0.014103 0.072791 0.997247 -0.274300 0.000000 0.000000 0.000000 1.000000
0.997316 0.070303 -0.020433 -0.000000 -0.071882 0.993244 -0.091099 3.962400 0.013890 0.092323 0.995632 -0.274300 0.000000 0.000000 0.000000 1.000000
0.996803 0.061407 -0.051118 0.000000 -0.066744 0.991659 -0.110258 3.962400 0.043921 0.113317 0.992588 -0.274300 0.000000 0.000000 0.000000 1.000000
0.995186 0.056985 -0.079738 0.000000 -0.066524 0.990225 -0.122596 3.962400 0.071972 0.127311 0.989248 -0.274300 0.000000 0.000000 0.000000 1.000000
0.992585 0.055118 -0.108337 0.000000 -0.068205 0.990299 -0.121064 3.962400 0.100613 0.127556 0.986715 -0.274300 0.000000 0.000000 0.000000 1.000000
0.991003 0.061885 -0.118672 0.000000 -0.074747 0.991424 -0.107194 3.962400 0.111021 0.115101 0.987130 -0.274300 0.000000 0.000000 0.000000 1.000000
0.990643 0.065982 -0.119465 0.000000 -0.078394 0.991653 -0.102369 3.962400 0.111714 0.110776 0.987547 -0.274300 0.000000 0.000000 0.000000 1.000000
0.990796 0.064276 -0.119128 0.000000 -0.076971 0.991465 -0.105223 3.962400 0.111348 0.113423 0.987288 -0.274300 0.000000 0.000000 0.000000 1.000000
0.991153 0.056902 -0.119906 0.000000 -0.070644 0.991005 -0.113662 3.962400 0.112360 0.121127 0.986257 -0.274300 0.000000 0.000000 0.000000 1.000000
0.991486 0.046959 -0.121453 0.000000 -0.061972 0.990476 -0.122950 3.962400 0.114523 0.129430 0.984953 -0.274300 0.000000 0.000000 0.000000 1.000000
0.991775 0.037698 -0.122313 0.000000 -0.053677 0.990047 -0.130101 3.962400 0.116191 0.135596 0.983928 -0.274300 0.000000 0.000000 0.000000 1.000000
0.992020 0.030821 -0.122252 -0.000000 -0.047290 0.989826 -0.134197 3.962400 0.116872 0.138908 0.983385 -0.274300 0.000000 0.000000 0.000000 1.000000
0.992237 0.025907 -0.121631 0.000000 -0.042505 0.989808 -0.135914 3.962400 0.116871 0.140029 0.983226 -0.274300 0.000000 0.000000 0.000000 1.000000
0.992485 0.022082 -0.120354 -0.000000 -0.038603 0.989857 -0.136725 3.962400 0.116114 0.140343 0.983271 -0.274300 0.000000 0.000000 0.000000 1.000000
0.992974 0.017744 -0.116994 -0.000000 -0.033916 0.989890 -0.137726 3.962400 0.113368 0.140726 0.983536 -0.274300 0.000000 0.000000 0.000000 1.000000
0.994036 0.010484 -0.108546 0.000000 -0.025656 0.989912 -0.139339 3.962400 0.105990 0.141293 0.984278 -0.274300 0.000000 0.000000 0.000000 1.000000
0.996559 0.002306 -0.082853 -0.000000 -0.013715 0.990420 -0.137404 3.962400 0.081742 0.138067 0.987044 -0.274300 0.000000 0.000000 0.000000 1.000000
0.998666 0.004138 -0.051469 0.000000 -0.010643 0.991876 -0.126765 3.962400 0.050526 0.127144 0.990597 -0.274300 0.000000 0.000000 0.000000 1.000000
0.999433 0.015923 -0.029660 -0.000000 -0.019281 0.992991 -0.116609 3.962400 0.027596 0.117115 0.992735 -0.274300 0.000000 0.000000 0.000000 1.000000
0.999456 0.022050 -0.024520 0.000000 -0.024622 0.993618 -0.110079 3.962400 0.021936 0.110623 0.993620 -0.274300 0.000000 0.000000 0.000000 1.000000
0.999258 0.023370 -0.030606 0.000000 -0.026359 0.994515 -0.101214 3.962400 0.028073 0.101945 0.994394 -0.274300 0.000000 0.000000 0.000000 1.000000
0.999014 0.022323 -0.038380 0.000000 -0.025739 0.995525 -0.090926 3.962400 0.036178 0.091824 0.995118 -0.274300 0.000000 0.000000 0.000000 1.000000
0.998714 0.027435 -0.042626 -0.000000 -0.030590 0.996699 -0.075202 3.962400 0.040422 0.076409 0.996257 -0.274300 0.000000 0.000000 0.000000 1.000000
0.998216 0.041371 -0.043041 0.000000 -0.043661 0.997602 -0.053696 3.962400 0.040716 0.055480 0.997629 -0.274300 0.000000 0.000000 0.000000 1.000000
0.997498 0.052433 -0.047418 -0.000000 -0.054465 0.997605 -0.042638 3.962400 0.045068 0.045114 0.997965 -0.274300 0.000000 0.000000 0.000000 1.000000
0.997137 0.057153 -0.049503 -0.000000 -0.059118 0.997482 -0.039172 3.962400 0.047140 0.041987 0.998005 -0.274300 0.000000 0.000000 0.000000 1.000000
0.997205 0.056700 -0.048654 0.000000 -0.058585 0.997549 -0.038249 3.962400 0.046366 0.040993 0.998083 -0.274300 0.000000 0.000000 0.000000 1.000000
0.997580 0.052326 -0.045793 0.000000 -0.054134 0.997765 -0.039174 3.962400 0.043640 0.041558 0.998183 -0.274300 0.000000 0.000000 0.000000 1.000000
0.998088 0.045609 -0.041726 0.000000 -0.047278 0.998084 -0.039919 3.962400 0.039826 0.041815 0.998331 -0.274300 0.000000 0.000000 0.000000 1.000000
0.998695 0.035683 -0.036537 0.000000 -0.037155 0.998491 -0.040429 3.962400 0.035040 0.041734 0.998514 -0.274300 0.000000 0.000000 0.000000 1.000000
0.999258 0.025508 -0.028862 0.000000 -0.026682 0.998801 -0.041052 3.962400 0.027780 0.041792 0.998740 -0.274300 0.000000 0.000000 0.000000 1.000000
0.999597 0.019201 -0.020898 0.000000 -0.020061 0.998926 -0.041775 3.962400 0.020073 0.042178 0.998908 -0.274300 0.000000 0.000000 0.000000 1.000000
0.999808 0.013406 -0.014280 0.000000 -0.014003 0.998996 -0.042556 3.962400 0.013695 0.042748 0.998992 -0.274300 0.000000 0.000000 0.000000 1.000000
0.999934 0.008617 -0.007598 -0.000000 -0.008939 0.999023 -0.043282 3.962400 0.007217 0.043347 0.999034 -0.274300 0.000000 0.000000 0.000000 1.000000
0.999991 0.004213 -0.000857 0.000000 -0.004246 0.999024 -0.043973 3.962400 0.000670 0.043976 0.999032 -0.274300 0.000000 0.000000 0.000000 1.000000
0.999979 -0.001483 0.006362 -0.000000 0.001766 0.999001 -0.044649 3.962400 -0.006290 0.044660 0.998982 -0.274300 0.000000 0.000000 0.000000 1.000000
0.999904 -0.006040 0.012471 0.000000 0.006598 0.998954 -0.045251 3.962400 -0.012185 0.045329 0.998898 -0.274300 0.000000 0.000000 0.000000 1.000000
0.999803 -0.008914 0.017741 -0.000000 0.009715 0.998913 -0.045588 3.962400 -0.017316 0.045752 0.998803 -0.274300 0.000000 0.000000 0.000000 1.000000
0.999690 -0.011238 0.022210 -0.000000 0.012238 0.998894 -0.045404 3.962400 -0.021675 0.045662 0.998722 -0.274300 0.000000 0.000000 0.000000 1.000000
0.999639 -0.012014 0.024039 0.000000 0.013084 0.998906 -0.044886 3.962400 -0.023474 0.045185 0.998703 -0.274300 0.000000 0.000000 0.000000 1.000000</float_array>
        <technique_common>
          <accessor source="#mixamorig_Spine-Matrix-animation-output-transform-array" count="47" stride="16">
            <param type="float4x4"/>
          </accessor>
        </technique_common>
      </source>
      <source id="mixamorig_Spine-Interpolations">
        <Name_array id="mixamorig_Spine-Interpolations-array" count="47">
 LINEAR LINEAR LINEAR LINEAR LINEAR LINEAR LINEAR LINEAR LINEAR LINEAR LINEAR
LINEAR LINEAR LINEAR LINEAR LINEAR LINEAR LINEAR LINEAR LINEAR LINEAR LINEAR LINEAR
LINEAR LINEAR LINEAR LINEAR LINEAR LINEAR LINEAR LINEAR LINEAR LINEAR LINEAR LINEAR
LINEAR LINEAR LINEAR LINEAR LINEAR LINEAR LINEAR LINEAR LINEAR LINEAR LINEAR LINEAR</Name_array>
        <technique_common>
          <accessor source="#mixamorig_Spine-Interpolations-array" count="47">
            <param type="name"/>
          </accessor>
        </technique_common>
      </source>
      <sampler id="mixamorig_Spine-Matrix-animation-transform">
        <input semantic="INPUT" source="#mixamorig_Spine-Matrix-animation-input"/>
        <input semantic="OUTPUT" source="#mixamorig_Spine-Matrix-animation-output-transform"/>
        <input semantic="INTERPOLATION" source="#mixamorig_Spine-Interpolations"/>
      </sampler>
      <channel source="#mixamorig_Spine-Matrix-animation-transform" target="mixamorig_Spine/matrix"/>
    </animation>
    <animation id="mixamorig_Spine1-anim" name="mixamorig_Spine1">
      <source id="mixamorig_Spine1-Matrix-animation-input">
        <float_array id="mixamorig_Spine1-Matrix-animation-input-array" count="47">

0.000000 0.033333 0.066667 0.100000 0.133333 0.166667 0.200000 0.233333 0.266667 0.300000 0.333333 0.366667 0.400000 0.433333 0.466667 0.500000
0.533333 0.566667 0.600000 0.633333 0.666667 0.700000 0.733333 0.766667 0.800000 0.833333 0.866667 0.900000 0.933333 0.966667 1.000000 1.033333
1.066667 1.100000 1.133333 1.166667 1.200000 1.233333 1.266667 1.300000 1.333333 1.366667 1.400000 1.433333 1.466667 1.500000 1.533333</float_array>
        <technique_common>
          <accessor source="#mixamorig_Spine1-Matrix-animation-input-array" count="47">
            <param name="TIME" type="float"/>
          </accessor>
        </technique_common>
      </source>
      <source id="mixamorig_Spine1-Matrix-animation-output-transform">
        <float_array id="mixamorig_Spine1-Matrix-animation-output-transform-array" count="752">

0.998355 -0.032011 0.047571 0.000000 0.039713 0.984476 -0.170970 14.123300 -0.041359 0.172578 0.984127 0.264400 0.000000 0.000000 0.000000 1.000000
0.998328 0.014890 0.055855 -0.000000 -0.005506 0.986356 -0.164535 14.123300 -0.057543 0.163953 0.984788 0.264400 0.000000 0.000000 0.000000 1.000000
0.996541 0.057858 0.059655 0.000000 -0.046128 0.982207 -0.182048 14.123300 -0.069127 0.178666 0.981478 0.264400 0.000000 0.000000 0.000000 1.000000
0.992872 0.100297 0.064385 0.000000 -0.085564 0.975897 -0.200760 14.123300 -0.082968 0.193820 0.977522 0.264400 0.000000 0.000000 0.000000 1.000000
0.990664 0.126572 0.050636 0.000000 -0.113353 0.971144 -0.209833 14.123300 -0.075733 0.202135 0.976425 0.264400 0.000000 0.000000 0.000000 1.000000
0.988901 0.143715 0.037695 0.000000 -0.132355 0.967382 -0.215994 14.123300 -0.067507 0.208608 0.975667 0.264400 0.000000 0.000000 0.000000 1.000000
0.986016 0.162322 0.037745 0.000000 -0.150175 0.963628 -0.221063 14.123300 -0.072256 0.212304 0.974529 0.264400 0.000000 0.000000 0.000000 1.000000
0.985280 0.169780 0.019973 0.000000 -0.160781 0.960016 -0.229168 14.123300 -0.058083 0.222583 0.973182 0.264400 0.000000 0.000000 0.000000 1.000000
0.985609 0.163809 -0.041727 0.000000 -0.169015 0.950746 -0.259837 14.123300 -0.002892 0.263151 0.964750 0.264400 0.000000 0.000000 0.000000 1.000000
0.983614 0.141748 -0.111409 0.000000 -0.168789 0.941177 -0.292740 14.123300 0.063360 0.306748 0.949680 0.264400 0.000000 0.000000 0.000000 1.000000
0.976490 0.125047 -0.175587 -0.000000 -0.175702 0.933613 -0.312244 14.123300 0.124885 0.335754 0.933634 0.264400 0.000000 0.000000 0.000000 1.000000
0.964976 0.110987 -0.237704 0.000000 -0.182706 0.934546 -0.305358 14.123300 0.188254 0.338093 0.922092 0.264400 0.000000 0.000000 0.000000 1.000000
0.957611 0.119843 -0.261951 0.000000 -0.193543 0.941195 -0.276934 14.123300 0.213358 0.315894 0.924494 0.264400 0.000000 0.000000 0.000000 1.000000
0.955780 0.128131 -0.264704 0.000000 -0.200320 0.942641 -0.267019 14.123300 0.215307 0.308237 0.926625 0.264400 0.000000 0.000000 0.000000 1.000000
0.955997 0.125320 -0.265263 0.000000 -0.198995 0.941373 -0.272430 14.123300 0.215570 0.313228 0.924888 0.264400 0.000000 0.000000 0.000000 1.000000
0.957248 0.111209 -0.267037 0.000000 -0.189617 0.938386 -0.288925 14.123300 0.218453 0.327207 0.919355 0.264400 0.000000 0.000000 0.000000 1.000000
0.958665 0.092016 -0.269247 0.000000 -0.176049 0.935213 -0.307218 14.123300 0.223535 0.341920 0.912756 0.264400 0.000000 0.000000 0.000000 1.000000
0.959968 0.074551 -0.270006 -0.000000 -0.162855 0.932817 -0.321451 14.123300 0.227902 0.352554 0.907616 0.264400 0.000000 0.000000 0.000000 1.000000
0.961197 0.061586 -0.268900 0.000000 -0.151989 0.931697 -0.329909 14.123300 0.230216 0.357977 0.904905 0.264400 0.000000 0.000000 0.000000 1.000000
0.962364 0.052018 -0.266740 0.000000 -0.142908 0.931713 -0.333898 14.123300 0.231157 0.359451 0.904081 0.264400 0.000000 0.000000 0.000000 1.000000
0.963684 0.044246 -0.263353 -0.000000 -0.134683 0.932095 -0.336242 14.123300 0.230592 0.359500 0.904205 0.264400 0.000000 0.000000 0.000000 1.000000
0.966071 0.035765 -0.255788 0.000000 -0.124356 0.932423 -0.339298 14.123300 0.226367 0.359595 0.905234 0.264400 0.000000 0.000000 0.000000 1.000000
0.971133 0.022505 -0.237475 -0.000000 -0.105854 0.932806 -0.344482 14.123300 0.213765 0.359676 0.908261 0.264400 0.000000 0.000000 0.000000 1.000000
0.983200 0.010029 -0.182257 0.000000 -0.073498 0.935720 -0.345002 14.123300 0.167082 0.352601 0.920737 0.264400 0.000000 0.000000 0.000000 1.000000
0.992951 0.019063 -0.116980 0.000000 -0.056703 0.943106 -0.327621 14.123300 0.104079 0.331945 0.937539 0.264400 0.000000 0.000000 0.000000 1.000000
0.996471 0.047179 -0.069422 -0.000000 -0.066466 0.948617 -0.309367 14.123300 0.051260 0.312889 0.948405 0.264400 0.000000 0.000000 0.000000 1.000000
0.996700 0.062692 -0.051561 0.000000 -0.075245 0.951848 -0.297194 14.123300 0.030447 0.300093 0.953424 0.264400 0.000000 0.000000 0.000000 1.000000
0.996364 0.065135 -0.054913 0.000000 -0.077981 0.956837 -0.279969 14.123300 0.034306 0.283233 0.958437 0.264400 0.000000 0.000000 0.000000 1.000000
0.996168 0.059654 -0.063964 0.000000 -0.074343 0.962761 -0.259930 14.123300 0.046076 0.263689 0.963507 0.264400 0.000000 0.000000 0.000000 1.000000
0.995251 0.065322 -0.072174 0.000000 -0.080287 0.970072 -0.229160 14.123300 0.055045 0.233866 0.970709 0.264400 0.000000 0.000000 0.000000 1.000000
0.993052 0.090513 -0.075206 0.000000 -0.103183 0.976999 -0.186621 14.123300 0.056585 0.193084 0.979549 0.264400 0.000000 0.000000 0.000000 1.000000
0.990306 0.109648 -0.085272 -0.000000 -0.122512 0.978789 -0.164204 14.123300 0.065459 0.173059 0.982734 0.264400 0.000000 0.000000 0.000000 1.000000
0.989297 0.114100 -0.090955 0.000000 -0.127405 0.979305 -0.157259 14.123300 0.071130 0.167164 0.983360 0.264400 0.000000 0.000000 0.000000 1.000000
0.989969 0.107504 -0.091677 0.000000 -0.120890 0.980360 -0.155821 14.123300 0.073125 0.165341 0.983522 0.264400 0.000000 0.000000 0.000000 1.000000
0.991337 0.096539 -0.089054 0.000000 -0.109762 0.981307 -0.158077 14.123300 0.072129 0.166482 0.983403 0.264400 0.000000 0.000000 0.000000 1.000000
0.992944 0.084469 -0.083225 0.000000 -0.096973 0.982354 -0.159926 14.123300 0.068247 0.166868 0.983614 0.264400 0.000000 0.000000 0.000000 1.000000
0.994624 0.071503 -0.074906 0.000000 -0.082837 0.983445 -0.161166 14.123300 0.062142 0.166505 0.984081 0.264400 0.000000 0.000000 0.000000 1.000000
0.996269 0.057266 -0.064558 0.000000 -0.067128 0.984385 -0.162730 14.123300 0.054231 0.166456 0.984556 0.264400 0.000000 0.000000 0.000000 1.000000
0.997726 0.042375 -0.052405 0.000000 -0.050488 0.985048 -0.164719 14.123300 0.044641 0.166990 0.984947 0.264400 0.000000 0.000000 0.000000 1.000000
0.998861 0.027789 -0.038801 -0.000000 -0.033891 0.985424 -0.166709 14.123300 0.033602 0.167834 0.985242 0.264400 0.000000 0.000000 0.000000 1.000000
0.999605 0.014148 -0.024268 0.000000 -0.018038 0.985547 -0.168436 14.123300 0.021534 0.168808 0.985414 0.264400 0.000000 0.000000 0.000000 1.000000
0.999954 0.001772 -0.009381 0.000000 -0.003341 0.985455 -0.169906 14.123300 0.008943 0.169930 0.985416 0.264400 0.000000 0.000000 0.000000 1.000000
0.999944 -0.009108 0.005314 -0.000000 0.009883 0.985188 -0.171193 14.123300 -0.003677 0.171236 0.985223 0.264400 0.000000 0.000000 0.000000 1.000000
0.999649 -0.018180 0.019284 0.000000 0.021233 0.984826 -0.172242 14.123300 -0.015860 0.172591 0.984866 0.264400 0.000000 0.000000 0.000000 1.000000
0.999176 -0.025080 0.031901 0.000000 0.030226 0.984512 -0.172694 14.123300 -0.027076 0.173516 0.984459 0.264400 0.000000 0.000000 0.000000 1.000000
0.998652 -0.029913 0.042411 -0.000000 0.036795 0.984389 -0.172117 14.123300 -0.036600 0.173446 0.984163 0.264400 0.000000 0.000000 0.000000 1.000000
0.998355 -0.032011 0.047571 0.000000 0.039713 0.984476 -0.170970 14.123300 -0.041359 0.172578 0.984127 0.264400 0.000000 0.000000 0.000000 1.000000</float_array>
        <technique_common>
          <accessor source="#mixamorig_Spine1-Matrix-animation-output-transform-array" count="47" stride="16">
            <param type="float4x4"/>
          </accessor>
        </technique_common>
      </source>
      <source id="mixamorig_Spine1-Interpolations">
        <Name_array id="mixamorig_Spine1-Interpolations-array" count="47">
 LINEAR LINEAR LINEAR LINEAR LINEAR LINEAR LINEAR LINEAR LINEAR LINEAR LINEAR
LINEAR LINEAR LINEAR LINEAR LINEAR LINEAR LINEAR LINEAR LINEAR LINEAR LINEAR LINEAR
LINEAR LINEAR LINEAR LINEAR LINEAR LINEAR LINEAR LINEAR LINEAR LINEAR LINEAR LINEAR
LINEAR LINEAR LINEAR LINEAR LINEAR LINEAR LINEAR LINEAR LINEAR LINEAR LINEAR LINEAR</Name_array>
        <technique_common>
          <accessor source="#mixamorig_Spine1-Interpolations-array" count="47">
            <param type="name"/>
          </accessor>
        </technique_common>
      </source>
      <sampler id="mixamorig_Spine1-Matrix-animation-transform">
        <input semantic="INPUT" source="#mixamorig_Spine1-Matrix-animation-input"/>
        <input semantic="OUTPUT" source="#mixamorig_Spine1-Matrix-animation-output-transform"/>
        <input semantic="INTERPOLATION" source="#mixamorig_Spine1-Interpolations"/>
      </sampler>
      <channel source="#mixamorig_Spine1-Matrix-animation-transform" target="mixamorig_Spine1/matrix"/>
    </animation>
    <animation id="mixamorig_Spine2-anim" name="mixamorig_Spine2">
      <source id="mixamorig_Spine2-Matrix-animation-input">
        <float_array id="mixamorig_Spine2-Matrix-animation-input-array" count="47">

0.000000 0.033333 0.066667 0.100000 0.133333 0.166667 0.200000 0.233333 0.266667 0.300000 0.333333 0.366667 0.400000 0.433333 0.466667 0.500000
0.533333 0.566667 0.600000 0.633333 0.666667 0.700000 0.733333 0.766667 0.800000 0.833333 0.866667 0.900000 0.933333 0.966667 1.000000 1.033333
1.066667 1.100000 1.133333 1.166667 1.200000 1.233333 1.266667 1.300000 1.333333 1.366667 1.400000 1.433333 1.466667 1.500000 1.533333</float_array>
        <technique_common>
          <accessor source="#mixamorig_Spine2-Matrix-animation-input-array" count="47">
            <param name="TIME" type="float"/>
          </accessor>
        </technique_common>
      </source>
      <source id="mixamorig_Spine2-Matrix-animation-output-transform">
        <float_array id="mixamorig_Spine2-Matrix-animation-output-transform-array" count="752">

0.998355 -0.032011 0.047571 0.000000 0.039713 0.984475 -0.170970 11.404500 -0.041359 0.172578 0.984127 0.106100 0.000000 0.000000 0.000000 1.000000
0.998328 0.014890 0.055855 0.000000 -0.005506 0.986356 -0.164535 11.404500 -0.057543 0.163953 0.984788 0.106100 0.000000 0.000000 0.000000 1.000000
0.996541 0.057858 0.059655 0.000000 -0.046128 0.982207 -0.182048 11.404500 -0.069127 0.178666 0.981478 0.106100 0.000000 0.000000 0.000000 1.000000
0.992872 0.100297 0.064385 0.000000 -0.085564 0.975897 -0.200760 11.404500 -0.082969 0.193820 0.977522 0.106100 0.000000 0.000000 0.000000 1.000000
0.990664 0.126572 0.050636 0.000000 -0.113352 0.971144 -0.209833 11.404500 -0.075733 0.202134 0.976425 0.106100 0.000000 0.000000 0.000000 1.000000
0.988901 0.143715 0.037695 0.000000 -0.132355 0.967382 -0.215995 11.404500 -0.067507 0.208608 0.975667 0.106100 0.000000 0.000000 0.000000 1.000000
0.986016 0.162323 0.037745 0.000000 -0.150175 0.963628 -0.221063 11.404500 -0.072256 0.212304 0.974529 0.106100 0.000000 0.000000 0.000000 1.000000
0.985280 0.169780 0.019973 0.000000 -0.160781 0.960016 -0.229168 11.404500 -0.058083 0.222584 0.973182 0.106100 0.000000 0.000000 0.000000 1.000000
0.985609 0.163809 -0.041727 0.000000 -0.169015 0.950746 -0.259837 11.404500 -0.002892 0.263151 0.964750 0.106100 0.000000 0.000000 0.000000 1.000000
0.983614 0.141748 -0.111409 0.000000 -0.168789 0.941177 -0.292740 11.404500 0.063360 0.306748 0.949680 0.106100 0.000000 0.000000 0.000000 1.000000
0.976490 0.125047 -0.175587 0.000000 -0.175702 0.933613 -0.312244 11.404500 0.124885 0.335754 0.933634 0.106100 0.000000 0.000000 0.000000 1.000000
0.964976 0.110987 -0.237704 0.000000 -0.182706 0.934546 -0.305358 11.404500 0.188254 0.338093 0.922092 0.106100 0.000000 0.000000 0.000000 1.000000
0.957611 0.119843 -0.261951 -0.000000 -0.193543 0.941195 -0.276934 11.404500 0.213358 0.315894 0.924494 0.106100 0.000000 0.000000 0.000000 1.000000
0.955780 0.128131 -0.264704 -0.000000 -0.200321 0.942641 -0.267019 11.404500 0.215307 0.308237 0.926624 0.106100 0.000000 0.000000 0.000000 1.000000
0.955997 0.125321 -0.265263 0.000000 -0.198996 0.941373 -0.272429 11.404500 0.215570 0.313228 0.924888 0.106100 0.000000 0.000000 0.000000 1.000000
0.957248 0.111209 -0.267037 0.000000 -0.189617 0.938386 -0.288925 11.404500 0.218452 0.327208 0.919355 0.106100 0.000000 0.000000 0.000000 1.000000
0.958665 0.092016 -0.269247 0.000000 -0.176049 0.935213 -0.307218 11.404500 0.223535 0.341920 0.912756 0.106100 0.000000 0.000000 0.000000 1.000000
0.959968 0.074551 -0.270006 0.000000 -0.162855 0.932817 -0.321450 11.404500 0.227901 0.352554 0.907616 0.106100 0.000000 0.000000 0.000000 1.000000
0.961197 0.061585 -0.268900 0.000000 -0.151989 0.931697 -0.329909 11.404500 0.230216 0.357978 0.904905 0.106100 0.000000 0.000000 0.000000 1.000000
0.962364 0.052018 -0.266741 0.000000 -0.142908 0.931713 -0.333898 11.404500 0.231157 0.359451 0.904080 0.106100 0.000000 0.000000 0.000000 1.000000
0.963684 0.044246 -0.263353 0.000000 -0.134683 0.932095 -0.336242 11.404500 0.230592 0.359500 0.904205 0.106100 0.000000 0.000000 0.000000 1.000000
0.966071 0.035766 -0.255787 -0.000000 -0.124356 0.932423 -0.339298 11.404500 0.226367 0.359595 0.905235 0.106100 0.000000 0.000000 0.000000 1.000000
0.971133 0.022505 -0.237474 0.000000 -0.105854 0.932806 -0.344482 11.404500 0.213765 0.359676 0.908261 0.106100 0.000000 0.000000 0.000000 1.000000
0.983200 0.010029 -0.182257 0.000000 -0.073498 0.935720 -0.345002 11.404500 0.167081 0.352601 0.920737 0.106100 0.000000 0.000000 0.000000 1.000000
0.992951 0.019063 -0.116980 0.000000 -0.056704 0.943106 -0.327621 11.404500 0.104079 0.331945 0.937539 0.106100 0.000000 0.000000 0.000000 1.000000
0.996471 0.047179 -0.069422 -0.000000 -0.066466 0.948617 -0.309367 11.404500 0.051260 0.312889 0.948405 0.106100 0.000000 0.000000 0.000000 1.000000
0.996700 0.062692 -0.051561 -0.000000 -0.075245 0.951848 -0.297194 11.404500 0.030447 0.300093 0.953424 0.106100 0.000000 0.000000 0.000000 1.000000
0.996364 0.065135 -0.054912 0.000000 -0.077981 0.956837 -0.279969 11.404500 0.034306 0.283233 0.958437 0.106100 0.000000 0.000000 0.000000 1.000000
0.996168 0.059654 -0.063964 0.000000 -0.074343 0.962761 -0.259930 11.404500 0.046076 0.263689 0.963507 0.106100 0.000000 0.000000 0.000000 1.000000
0.995251 0.065322 -0.072174 0.000000 -0.080287 0.970072 -0.229160 11.404500 0.055045 0.233866 0.970709 0.106100 0.000000 0.000000 0.000000 1.000000
0.993052 0.090512 -0.075206 0.000000 -0.103183 0.976998 -0.186621 11.404500 0.056585 0.193084 0.979549 0.106100 0.000000 0.000000 0.000000 1.000000
0.990306 0.109648 -0.085272 0.000000 -0.122512 0.978789 -0.164204 11.404500 0.065459 0.173059 0.982734 0.106100 0.000000 0.000000 0.000000 1.000000
0.989297 0.114099 -0.090955 0.000000 -0.127405 0.979304 -0.157260 11.404500 0.071130 0.167165 0.983360 0.106100 0.000000 0.000000 0.000000 1.000000
0.989969 0.107503 -0.091677 0.000000 -0.120890 0.980360 -0.155822 11.404500 0.073125 0.165341 0.983522 0.106100 0.000000 0.000000 0.000000 1.000000
0.991337 0.096539 -0.089055 -0.000000 -0.109762 0.981307 -0.158077 11.404500 0.072129 0.166482 0.983403 0.106100 0.000000 0.000000 0.000000 1.000000
0.992944 0.084469 -0.083225 0.000000 -0.096973 0.982354 -0.159926 11.404500 0.068247 0.166868 0.983614 0.106100 0.000000 0.000000 0.000000 1.000000
0.994624 0.071503 -0.074906 0.000000 -0.082837 0.983445 -0.161166 11.404500 0.062142 0.166505 0.984081 0.106100 0.000000 0.000000 0.000000 1.000000
0.996269 0.057266 -0.064558 0.000000 -0.067128 0.984385 -0.162729 11.404500 0.054231 0.166456 0.984556 0.106100 0.000000 0.000000 0.000000 1.000000
0.997726 0.042375 -0.052405 0.000000 -0.050488 0.985048 -0.164719 11.404500 0.044641 0.166990 0.984947 0.106100 0.000000 0.000000 0.000000 1.000000
0.998861 0.027789 -0.038801 0.000000 -0.033891 0.985424 -0.166709 11.404500 0.033602 0.167834 0.985242 0.106100 0.000000 0.000000 0.000000 1.000000
0.999605 0.014148 -0.024268 0.000000 -0.018038 0.985547 -0.168436 11.404500 0.021534 0.168808 0.985414 0.106100 0.000000 0.000000 0.000000 1.000000
0.999954 0.001772 -0.009381 0.000000 -0.003341 0.985455 -0.169906 11.404500 0.008943 0.169930 0.985416 0.106100 0.000000 0.000000 0.000000 1.000000
0.999944 -0.009108 0.005314 -0.000000 0.009883 0.985188 -0.171193 11.404500 -0.003677 0.171236 0.985223 0.106100 0.000000 0.000000 0.000000 1.000000
0.999649 -0.018180 0.019284 0.000000 0.021233 0.984826 -0.172242 11.404500 -0.015860 0.172591 0.984866 0.106100 0.000000 0.000000 0.000000 1.000000
0.999176 -0.025080 0.031901 -0.000000 0.030226 0.984512 -0.172694 11.404500 -0.027076 0.173516 0.984459 0.106100 0.000000 0.000000 0.000000 1.000000
0.998652 -0.029913 0.042411 0.000000 0.036795 0.984389 -0.172117 11.404500 -0.036600 0.173446 0.984163 0.106100 0.000000 0.000000 0.000000 1.000000
0.998355 -0.032011 0.047571 0.000000 0.039713 0.984476 -0.170970 11.404500 -0.041359 0.172578 0.984127 0.106100 0.000000 0.000000 0.000000 1.000000</float_array>
        <technique_common>
          <accessor source="#mixamorig_Spine2-Matrix-animation-output-transform-array" count="47" stride="16">
            <param type="float4x4"/>
          </accessor>
        </technique_common>
      </source>
      <source id="mixamorig_Spine2-Interpolations">
        <Name_array id="mixamorig_Spine2-Interpolations-array" count="47">
 LINEAR LINEAR LINEAR LINEAR LINEAR LINEAR LINEAR LINEAR LINEAR LINEAR LINEAR
LINEAR LINEAR LINEAR LINEAR LINEAR LINEAR LINEAR LINEAR LINEAR LINEAR LINEAR LINEAR
LINEAR LINEAR LINEAR LINEAR LINEAR LINEAR LINEAR LINEAR LINEAR LINEAR LINEAR LINEAR
LINEAR LINEAR LINEAR LINEAR LINEAR LINEAR LINEAR LINEAR LINEAR LINEAR LINEAR LINEAR</Name_array>
        <technique_common>
          <accessor source="#mixamorig_Spine2-Interpolations-array" count="47">
            <param type="name"/>
          </accessor>
        </technique_common>
      </source>
      <sampler id="mixamorig_Spine2-Matrix-animation-transform">
        <input semantic="INPUT" source="#mixamorig_Spine2-Matrix-animation-input"/>
        <input semantic="OUTPUT" source="#mixamorig_Spine2-Matrix-animation-output-transform"/>
        <input semantic="INTERPOLATION" source="#mixamorig_Spine2-Interpolations"/>
      </sampler>
      <channel source="#mixamorig_Spine2-Matrix-animation-transform" target="mixamorig_Spine2/matrix"/>
    </animation>
    <animation id="mixamorig_Neck-anim" name="mixamorig_Neck">
      <source id="mixamorig_Neck-Matrix-animation-input">
        <float_array id="mixamorig_Neck-Matrix-animation-input-array" count="47">

0.000000 0.033333 0.066667 0.100000 0.133333 0.166667 0.200000 0.233333 0.266667 0.300000 0.333333 0.366667 0.400000 0.433333 0.466667 0.500000
0.533333 0.566667 0.600000 0.633333 0.666667 0.700000 0.733333 0.766667 0.800000 0.833333 0.866667 0.900000 0.933333 0.966667 1.000000 1.033333
1.066667 1.100000 1.133333 1.166667 1.200000 1.233333 1.266667 1.300000 1.333333 1.366667 1.400000 1.433333 1.466667 1.500000 1.533333</float_array>
        <technique_common>
          <accessor source="#mixamorig_Neck-Matrix-animation-input-array" count="47">
            <param name="TIME" type="float"/>
          </accessor>
        </technique_common>
      </source>
      <source id="mixamorig_Neck-Matrix-animation-output-transform">
        <float_array id="mixamorig_Neck-Matrix-animation-output-transform-array" count="752">

0.998465 0.007577 -0.054863 0.000000 -0.002657 0.996009 0.089210 9.946700 0.055320 -0.088927 0.994501 0.000000 0.000000 0.000000 0.000000 1.000000
0.997218 0.044891 -0.059507 0.000000 -0.049955 0.994996 -0.086536 9.946700 0.055324 0.089268 0.994470 0.000000 0.000000 0.000000 0.000000 1.000000
0.995334 0.075961 -0.059494 -0.000000 -0.088040 0.967297 -0.237875 9.946700 0.039479 0.242003 0.969472 0.000000 0.000000 0.000000 0.000000 1.000000
0.993440 0.104623 -0.046158 0.000000 -0.114015 0.937239 -0.329521 9.946700 0.008785 0.332622 0.943019 0.000000 0.000000 0.000000 0.000000 1.000000
0.989068 0.146527 -0.016566 0.000000 -0.142515 0.920994 -0.362574 9.946700 -0.037869 0.360971 0.931808 -0.000000 0.000000 0.000000 0.000000 1.000000
